6.42 0.0228485 0.0387591 0.0225298 0.537497
1.684 0.0341792 0.0493212 0.0483024 0.242875
2.838 0.0313827 0.0573259 0.0343409 0.547561
0.551 0.0904111 0.106332 0.124799 0.220586
5.872 0.0292237 0.0712115 0.0346024 0.62639
2.374 0.0217158 0.0360369 0.0262158 0.328995
0.7833 0.0378609 0.0466556 0.0492725 0.209152
0.09818 0.0903015 0.105119 0.124883 0.192206
0.06004 0.124084 0.14707 0.171753 0.242048
4.962 0.0181539 0.0329886 0.0206875 0.347725
2.382 0.02419 0.0319679 0.0275128 0.325045
0.6277 0.0341263 0.0384917 0.041422 0.222436
7.053 0.0211359 0.0461912 0.0234834 0.516369
0.797 0.0300304 0.0504464 0.0391909 0.243313
0.1449 0.188192 0.226341 0.260082 0.39008
3.735 0.014932 0.0169399 0.0148335 0.26017
3.864 0.0210566 0.0298504 0.0210275 0.403893
0.1004 0.141324 0.164849 0.194261 0.283466
0.4751 0.0414041 0.0513235 0.0532789 0.229881
6.849 0.025223 0.0411582 0.0257732 0.508735
0.2461 0.17205 0.200882 0.236302 0.337125
0.6308 0.0459538 0.0602082 0.0587278 0.287228
0.08474 0.0673276 0.0789815 0.0941362 0.153863
1.647 0.040862 0.0504306 0.0514072 0.33219
1.718 0.0355844 0.0431592 0.0378118 0.4048
4.295 0.0269333 0.0425652 0.028722 0.420638
0.1033 0.0662967 0.0785089 0.0924101 0.159187
4.644 0.0232522 0.0459082 0.0277151 0.420102
0.8923 0.0419922 0.0467288 0.0529229 0.226532
5.279 0.027214 0.0487505 0.0280877 0.547556
3.092 0.0233922 0.0427174 0.0290874 0.35858
4.009 0.0342245 0.0782243 0.0402316 0.622203
3.058 0.030059 0.0548936 0.0360384 0.476971
6.801 0.0224022 0.0437568 0.0251139 0.457667
2.688 0.0257049 0.040783 0.0278517 0.442236
1.948 0.025133 0.0345683 0.0270457 0.33458
7.379 0.0297221 0.054305 0.0306349 0.630813
1.023 0.0637431 0.0790502 0.0864779 0.282021
0.2631 0.138959 0.161359 0.190834 0.279937
4.113 0.0271328 0.0474361 0.029327 0.456974
3.721 0.0231928 0.0585585 0.0289735 0.47059
4.841 0.0184594 0.0268677 0.0176036 0.463618
2.912 0.0235518 0.0313225 0.0244168 0.409488
0.09788 0.0879266 0.102325 0.122349 0.174649
6.254 0.0325981 0.0757831 0.0373312 0.663517
0.8551 0.0902112 0.109741 0.120924 0.363497
6.667 0.0216825 0.0377355 0.0217077 0.537712
0.2121 0.0480533 0.0586537 0.0663371 0.155426
4.617 0.0219233 0.0459057 0.0235715 0.521324
0.5194 0.0910495 0.109389 0.126733 0.221325
4.097 0.0309306 0.0588103 0.0363582 0.509377
3.25 0.0242576 0.0355862 0.0233569 0.523795
2.057 0.0208889 0.0268649 0.0269108 0.177373
3.084 0.0179944 0.0263498 0.020335 0.27514
2.717 0.030399 0.0469565 0.0305559 0.603903
1.867 0.0193394 0.0350986 0.0272671 0.208735
2.739 0.0337086 0.0691287 0.0393382 0.560827
0.5166 0.0969917 0.125835 0.136287 0.328171
4.871 0.0234775 0.0444055 0.0264554 0.416839
2.455 0.0287981 0.0371051 0.0301887 0.431991
0.111 0.0922672 0.107938 0.127183 0.204983
1.818 0.0245302 0.0293129 0.0240988 0.349185
2.222 0.0272477 0.0607722 0.0379829 0.359089
0.5551 0.0415503 0.0654469 0.0553877 0.272006
1.535 0.0285121 0.035064 0.0346299 0.251725
4.631 0.0272934 0.0352 0.0250274 0.554163
1.091 0.039327 0.0484167 0.0515554 0.219457
1.82 0.0224392 0.0321951 0.0271792 0.246732
0.1561 0.103426 0.120226 0.140725 0.255554
2.5 0.0281043 0.0438281 0.0356855 0.346322
3.51 0.0185066 0.0214193 0.0177883 0.364133
1.269 0.044093 0.053536 0.0521935 0.39242
1.424 0.0369489 0.0577494 0.0429988 0.493076
0.1351 0.131579 0.15258 0.181424 0.248949
2.173 0.0205469 0.023957 0.0222922 0.275295
1.824 0.0310601 0.0521845 0.040639 0.313096
6.494 0.028621 0.049193 0.0285699 0.59789
0.5476 0.0766087 0.0946786 0.0992434 0.362985
0.5536 0.024815 0.029241 0.0339541 0.119463
1.414 0.0460792 0.0762412 0.0608334 0.433958
6.8 0.0240733 0.0398819 0.0241976 0.512132
0.8688 0.0708614 0.112209 0.0996103 0.411898
6.802 0.02436 0.0497517 0.0272275 0.507456
3.838 0.0195061 0.0253391 0.0201 0.334516
1.205 0.0350138 0.0378544 0.0385858 0.336505
0.6854 0.0707214 0.0843667 0.0987552 0.181794
1.857 0.0488344 0.0672721 0.0688483 0.265625
1.98 0.0205095 0.030772 0.0235237 0.294769
7.222 0.0191646 0.0311252 0.0195448 0.427968
4.8 0.0230466 0.0276283 0.0210455 0.419881
2.708 0.0227762 0.0320436 0.0257882 0.313403
0.347 0.0778128 0.0923782 0.10635 0.216983
0.2374 0.0893016 0.103041 0.12124 0.228292
2.592 0.0227809 0.0460335 0.0323199 0.273603
7.904 0.0253053 0.0387296 0.0245352 0.532641
7.138 0.0248831 0.0368903 0.0241055 0.497753
0.6117 0.0831175 0.100136 0.113285 0.265788
2.171 0.0335771 0.0520175 0.0396374 0.435882
0.2506 0.041277 0.0471413 0.0547114 0.168199
1.743 0.0412399 0.0509414 0.0556987 0.214964
6.879 0.0244329 0.033438 0.0232274 0.47825
0.7288 0.113242 0.135328 0.156486 0.288418
0.6004 0.036586 0.0451989 0.0477973 0.20017
1.641 0.0417715 0.0568924 0.0470383 0.518254
4.336 0.019647 0.0337683 0.0221827 0.365028
0.6239 0.0524422 0.08431 0.0725363 0.294919
3.836 0.0162209 0.018543 0.0158513 0.278892
0.296 0.118326 0.138811 0.162086 0.276558
3.789 0.0299459 0.0472641 0.0322785 0.468001
1.684 0.0329017 0.037205 0.0345157 0.37388
0.1121 0.100179 0.119002 0.138493 0.220958
6.925 0.0276479 0.0529877 0.0295485 0.560118
1.931 0.029755 0.0324241 0.0314362 0.358987
3.789 0.0298079 0.060915 0.0394093 0.468
4.386 0.0204719 0.0251012 0.0194202 0.382371
5.774 0.0184009 0.0235603 0.0171708 0.40273
5.289 0.0182692 0.0288969 0.0178132 0.506312
1.349 0.0440118 0.0577171 0.059899 0.250872
7.746 0.0231133 0.0405509 0.023405 0.536133
0.4216 0.0533657 0.0650153 0.0717993 0.208799
0.287 0.139675 0.163736 0.19177 0.297368
0.7236 0.0634592 0.0849108 0.0809368 0.431052
1.226 0.06507 0.0788574 0.0869597 0.304079
2.245 0.0305201 0.0492688 0.0400872 0.339374
2.637 0.0254789 0.0329258 0.0264873 0.37275
2.643 0.0264346 0.0427461 0.0265915 0.470903
6.277 0.0255281 0.0522894 0.0272207 0.562826
0.718 0.117934 0.139221 0.160252 0.352283
3.955 0.023603 0.0417242 0.026058 0.41081
2.551 0.0228391 0.0348198 0.0251391 0.426715
0.2282 0.0515453 0.0636498 0.0735689 0.159795
5.848 0.0264942 0.0390669 0.0259689 0.509891
2.898 0.0295428 0.0436559 0.0308428 0.473355
0.8357 0.0395213 0.0450557 0.0475384 0.297779
0.9217 0.0636723 0.0741831 0.0828114 0.294069
1.888 0.0460248 0.0668328 0.0631182 0.317595
4.835 0.0241057 0.0495886 0.0292138 0.431298
3.994 0.0286741 0.0584268 0.0326383 0.553121
1.16 0.0710544 0.0906775 0.0976227 0.302552
6.065 0.0279828 0.0443609 0.028789 0.506135
5.249 0.0245031 0.0390283 0.0266506 0.409067
1.877 0.0338852 0.0516991 0.0448108 0.337087
3.384 0.0292211 0.0639507 0.0334126 0.532067
0.09274 0.164678 0.191074 0.224917 0.33599
0.1557 0.0500748 0.0580091 0.0704234 0.119411
1.661 0.0229259 0.0228466 0.0230716 0.285577
3.92 0.0285148 0.0351243 0.0258997 0.519575
4.843 0.0281739 0.0421258 0.0288804 0.480009
0.8687 0.0741137 0.086812 0.100726 0.232334
3.24 0.0286679 0.060875 0.0357265 0.50217
5.936 0.0229051 0.0335453 0.0216179 0.526178
0.2099 0.0436915 0.0509148 0.0611629 0.123092
0.3954 0.0685552 0.0786413 0.0895203 0.274577
0.09563 0.0748157 0.0866481 0.104022 0.159431
7.999 0.0271537 0.041916 0.0262509 0.566869
0.1071 0.106084 0.123082 0.146366 0.21536
0.688 0.0244576 0.0279162 0.0314854 0.152795
2.367 0.0255433 0.0292093 0.0256533 0.383523
1.558 0.0431469 0.0535953 0.0508189 0.457836
1.383 0.0463603 0.0620515 0.063536 0.280555
1.779 0.0463056 0.0538426 0.0614156 0.223378
0.3739 0.0444032 0.0514285 0.0617072 0.126532
3.46 0.0264917 0.041654 0.0291673 0.41461
3.117 0.0175822 0.0211203 0.0170109 0.312819
4.417 0.0231281 0.0412342 0.0261353 0.430889
2.623 0.0269673 0.0389788 0.0333333 0.328571
1.229 0.050002 0.0596435 0.0672485 0.209867
0.2691 0.117658 0.142133 0.162746 0.26024
6.057 0.0225403 0.036057 0.0222582 0.496828
0.2852 0.0376418 0.0434228 0.0520398 0.123967
4.644 0.029647 0.04463 0.0295679 0.495503
4.37 0.0256321 0.0488619 0.0292901 0.464469
4.523 0.0215179 0.0316158 0.0219178 0.416897
3.899 0.0247971 0.0529039 0.0319831 0.427019
0.1008 0.132946 0.156089 0.182351 0.282833
0.6613 0.0889799 0.104656 0.117897 0.338309
1.361 0.032892 0.0385839 0.0368609 0.332307
6.04 0.0227101 0.0418835 0.0231328 0.560384
2.84 0.0133361 0.0179657 0.0159902 0.197801
0.5319 0.0327101 0.0347603 0.0392859 0.194672
0.5849 0.0687181 0.0855864 0.0956593 0.214302
1.55 0.0401259 0.0572541 0.0475523 0.421619
0.1651 0.0335856 0.0392967 0.0465881 0.120111
0.6326 0.0307847 0.0399195 0.0394357 0.190435
7.573 0.0278587 0.0553767 0.030569 0.557885
0.7974 0.0295043 0.0331884 0.0374367 0.165477
3.151 0.0248769 0.0381106 0.0236445 0.507953
2.326 0.0230973 0.0371455 0.0312981 0.271926
2.602 0.0301323 0.0461267 0.0332345 0.427485
6.463 0.0221491 0.0353602 0.0217828 0.513983
0.6986 0.0524475 0.0604779 0.0708387 0.176577
6.589 0.0255298 0.0479638 0.0265163 0.552513
7.566 0.0267693 0.0536619 0.0293649 0.573403
1.153 0.0507336 0.0608701 0.0616414 0.408437
0.6947 0.0667114 0.0795874 0.0892956 0.257171
5.293 0.0272906 0.039696 0.0258486 0.531026
6.626 0.019794 0.0309686 0.0202263 0.415343
7.567 0.0194762 0.0285645 0.0185417 0.471413
7.075 0.025501 0.038251 0.0251735 0.489102
0.5147 0.0680767 0.080359 0.0881741 0.311185
0.4097 0.0969889 0.116501 0.132412 0.275201
1.11 0.0309763 0.045022 0.0395238 0.264791
3.191 0.0186981 0.0244327 0.0192434 0.293631
5.838 0.0211002 0.025066 0.0193719 0.392032
0.5463 0.0904449 0.103659 0.120842 0.283949
1.653 0.038211 0.061469 0.0488202 0.397981
0.5388 0.0415849 0.0509628 0.0542173 0.214327
2.633 0.0296035 0.0284178 0.0273378 0.399675
7.915 0.0247608 0.0513391 0.0266307 0.592431
3.22 0.0256201 0.0521333 0.0298167 0.423371
0.5177 0.0262162 0.0261717 0.0302892 0.168352
2.931 0.0146202 0.0278544 0.0194367 0.241606
4.796 0.0156322 0.0278361 0.0168605 0.372891
2.692 0.0242451 0.0344267 0.0276307 0.382427
0.3594 0.0408131 0.0480354 0.0556538 0.14679
0.2102 0.0607 0.0717839 0.0835738 0.169135
1.087 0.0528923 0.062784 0.0692557 0.265346
2.904 0.0178603 0.0258366 0.0194885 0.33422
5 0.0276294 0.0382062 0.0267544 0.467214
3.943 0.0157175 0.0229625 0.0168505 0.329145
0.4681 0.0824399 0.0972934 0.107916 0.33815
7.249 0.0238961 0.0425471 0.0247105 0.530073
2.459 0.0242871 0.0336228 0.0319311 0.235812
1.412 0.0450445 0.0562785 0.0529458 0.413773
0.2189 0.130803 0.157618 0.182266 0.304298
1.78 0.0347137 0.0558854 0.0391183 0.481616
3.368 0.0219819 0.024813 0.0205713 0.445375
0.7371 0.058063 0.0683087 0.0747167 0.298573
5.088 0.0266245 0.0455024 0.0288092 0.49146
2.464 0.0296236 0.0367947 0.0352373 0.328995
5.271 0.0219412 0.0328238 0.0224924 0.397323
0.3489 0.106104 0.125245 0.144991 0.269682
1.592 0.0298434 0.0368874 0.0331708 0.308131
2.584 0.0266844 0.0295322 0.0271124 0.366653
1.213 0.0320136 0.0396767 0.0401686 0.240126
1.485 0.0397015 0.0496055 0.0494524 0.298828
3.807 0.03087 0.0714615 0.0386661 0.519289
2.542 0.0239228 0.0378161 0.0267713 0.416681
0.2654 0.112301 0.137846 0.152744 0.324575
4.15 0.0164483 0.027627 0.0193987 0.306999
1.316 0.0363811 0.0513124 0.0407018 0.404551
0.6401 0.0236847 0.0289136 0.0319512 0.128947
0.06995 0.115244 0.13347 0.159257 0.218694
2.436 0.0177377 0.0235437 0.0218729 0.213512
6.778 0.0228827 0.0403305 0.0235398 0.494059
1.985 0.0305649 0.0354738 0.0332197 0.373473
3.292 0.0157592 0.0217081 0.0163491 0.35363
2.425 0.0242244 0.0398796 0.0326118 0.28243
7.991 0.0273015 0.0491851 0.0282634 0.568158
3.893 0.0225046 0.0303567 0.0214935 0.45381
0.9763 0.0318997 0.0427761 0.043134 0.204234
0.07403 0.0849584 0.0989175 0.117951 0.177634
7.277 0.0208031 0.0339429 0.0199437 0.556387
0.1952 0.0655499 0.076326 0.0899945 0.178341
0.8573 0.0421402 0.0598358 0.0528361 0.305839
1.341 0.0314899 0.0514035 0.0443707 0.265572
4.402 0.0212391 0.0367578 0.0213523 0.514194
7.125 0.0224293 0.0375846 0.0225487 0.490536
0.2535 0.0562476 0.0674636 0.0770822 0.175778
0.6605 0.0415267 0.0470084 0.0531833 0.197593
0.07687 0.152587 0.181171 0.210829 0.297936
4.236 0.0223953 0.0437176 0.0248068 0.468434
7.62 0.0296379 0.064902 0.0327964 0.627861
0.326 0.0376505 0.0474039 0.0518968 0.148889
0.8762 0.0801144 0.0947389 0.107853 0.291592
4.435 0.0175548 0.0299647 0.0203484 0.340064
3.199 0.0199461 0.0318107 0.0231993 0.331027
6.209 0.0212391 0.0415506 0.0234961 0.446435
0.46 0.0630878 0.0731394 0.0823361 0.269625
5.491 0.0287502 0.0527913 0.0320099 0.51768
1.727 0.0328995 0.042272 0.0363211 0.383287
4.396 0.0240139 0.028558 0.0222556 0.416702
2.045 0.0346267 0.0604302 0.0470167 0.39181
2.247 0.0271998 0.0381606 0.0293499 0.389813
3.568 0.0251798 0.0448136 0.0280809 0.420816
3.782 0.0177246 0.0226962 0.0178595 0.379069
6.676 0.0269922 0.0483861 0.0280277 0.569862
7.499 0.0288333 0.0575425 0.0304102 0.621987
0.1377 0.114514 0.133208 0.158274 0.223369
0.2326 0.150045 0.180906 0.207362 0.317688
5.697 0.0265864 0.04633 0.0290699 0.47098
1.776 0.0325931 0.047532 0.0372831 0.415844
2.476 0.0205219 0.0307056 0.0263376 0.260015
2.153 0.023227 0.0341983 0.0290389 0.280887
0.8061 0.0685364 0.0982177 0.0938241 0.394019
4.007 0.0292676 0.0352158 0.0271021 0.497999
6.825 0.0208361 0.0354842 0.0208368 0.497189
1.038 0.0350315 0.0453828 0.0425689 0.296377
5.58 0.018092 0.0245201 0.0165789 0.490966
1.297 0.0338076 0.0511175 0.0429395 0.328859
0.6946 0.0629304 0.0741043 0.0852503 0.206545
4.536 0.0145568 0.0216094 0.0148778 0.356986
2.171 0.0299172 0.043538 0.0324249 0.416559
2.08 0.0332519 0.0419633 0.0387118 0.408704
0.2399 0.142271 0.166655 0.19635 0.283942
0.3425 0.169724 0.19997 0.233515 0.355839
5.116 0.0152929 0.0192101 0.0140181 0.376709
0.3702 0.032299 0.0488425 0.0437935 0.188624
5.292 0.0256917 0.0411666 0.0257096 0.496638
1 0.0693801 0.0957052 0.0915944 0.389908
1.074 0.0497093 0.0615935 0.0647375 0.283411
3.934 0.0213158 0.0244476 0.0200483 0.345845
2.177 0.0340844 0.0446088 0.0364581 0.471348
4.778 0.0286364 0.0380419 0.0276013 0.490307
4.564 0.0219312 0.0324244 0.0216352 0.44626
7.183 0.0275753 0.0453146 0.0283164 0.530643
4.905 0.0293396 0.0467279 0.0308969 0.488027
2.346 0.0254785 0.0313051 0.0323549 0.2146
1.377 0.0333148 0.0564258 0.0402965 0.402367
2.913 0.0265826 0.033592 0.0266388 0.377636
4.916 0.0257719 0.0355914 0.0242777 0.488439
1.862 0.0315347 0.0396551 0.0421749 0.202555
2.181 0.0271895 0.0325985 0.0264267 0.387114
2.007 0.0290479 0.0486305 0.0335284 0.423438
7.886 0.0258461 0.0470208 0.0264518 0.590565
2.84 0.0222331 0.0359871 0.0243477 0.37371
0.2958 0.106706 0.125231 0.143773 0.309316
1.942 0.0324782 0.0420715 0.0389008 0.362904
1.371 0.0489964 0.0586816 0.0581523 0.468724
1.229 0.0470507 0.0501634 0.0543928 0.347954
2.853 0.0166351 0.0248223 0.0214675 0.208654
0.8639 0.0422711 0.0517729 0.0533825 0.257483
0.4904 0.0823931 0.0981447 0.112188 0.247598
7.049 0.020647 0.0308475 0.0201644 0.452305
4.544 0.0214788 0.0410923 0.0242261 0.411953
7.241 0.0257153 0.0525619 0.0278651 0.59412
0.2575 0.137888 0.160184 0.186672 0.343867
2.002 0.0303868 0.0474578 0.0361637 0.413598
2.16 0.0302598 0.0363765 0.0395422 0.231464
2.482 0.0269972 0.033214 0.026889 0.384146
0.5303 0.0266406 0.0321768 0.0336383 0.170985
3.674 0.0173552 0.0206383 0.0179306 0.33156
0.08755 0.147774 0.171232 0.202083 0.299363
5.342 0.0201463 0.0416018 0.0217815 0.488383
1.971 0.029873 0.0454541 0.033352 0.420889
3.972 0.0259838 0.0566931 0.0303062 0.473919
4.326 0.0174272 0.0205338 0.0165281 0.368715
2.032 0.0300159 0.0650516 0.0408449 0.390467
6.02 0.0319583 0.0661754 0.0358933 0.615154
1.923 0.0337732 0.0508981 0.0390719 0.422243
7.24 0.0223357 0.0417188 0.0232335 0.526675
1.686 0.0299356 0.0343605 0.0354066 0.261801
3.037 0.0246242 0.0314124 0.0247485 0.416964
3.188 0.0312676 0.0565721 0.0322412 0.616884
1.07 0.0378449 0.0566734 0.0530559 0.23995
1.091 0.0386183 0.060195 0.0515175 0.318659
1.048 0.0634107 0.0776952 0.0870414 0.225321
5.421 0.0254501 0.0409646 0.0247926 0.554905
5.9 0.0182818 0.0259707 0.0178973 0.399679
2.707 0.0252838 0.0276789 0.0250145 0.341818
1.539 0.0374318 0.050061 0.0454915 0.345133
2.312 0.0236254 0.027546 0.0284351 0.215674
6.747 0.0289658 0.0430486 0.0281948 0.5286
5.49 0.030622 0.061418 0.0344344 0.581408
3.026 0.0248622 0.0355829 0.0243287 0.502908
3.118 0.0179938 0.0241974 0.0203432 0.254667
1.208 0.0453714 0.0516698 0.0583926 0.226503
2.101 0.0290441 0.0370437 0.0313497 0.36382
0.7918 0.0805174 0.102513 0.108325 0.361924
6.464 0.0197431 0.0303117 0.0186658 0.510865
1.425 0.0418205 0.047401 0.0489962 0.338004
2.64 0.0256919 0.0293106 0.0242145 0.385079
1.749 0.0290444 0.0485519 0.0360852 0.346501
5.46 0.027539 0.03434 0.0250601 0.521216
3.172 0.0166615 0.0251127 0.0207547 0.256193
0.216 0.0685103 0.0794506 0.0942526 0.172422
1.894 0.0324687 0.0689571 0.0440291 0.380883
5.212 0.0292942 0.0380182 0.0277727 0.488463
1.619 0.0331729 0.0496295 0.0378716 0.442879
7.68 0.019935 0.038679 0.0213079 0.477356
1.031 0.0225843 0.0296761 0.030396 0.156693
6.197 0.0196446 0.0276051 0.0189403 0.418086
0.1751 0.0586405 0.0738042 0.0812601 0.186393
0.6419 0.076964 0.0906587 0.102513 0.29381
0.3213 0.11848 0.137868 0.161116 0.294449
2.599 0.0329452 0.0656692 0.0380521 0.497691
1.662 0.0508156 0.0673014 0.0686826 0.288436
1.434 0.0253538 0.030318 0.034116 0.158949
3.663 0.0233709 0.0315414 0.0227233 0.415425
7.502 0.0231174 0.038201 0.0223415 0.587911
7.806 0.0222933 0.0364634 0.021972 0.520393
0.2168 0.151449 0.175985 0.208176 0.29564
4.745 0.0223678 0.0344652 0.0216844 0.466681
0.04549 0.17969 0.208419 0.246898 0.319723
0.0189 0.126817 0.147632 0.17518 0.236352
0.6854 0.0842225 0.0976936 0.111637 0.298603
4.623 0.0293107 0.0574399 0.0331615 0.502443
0.7727 0.0874566 0.102241 0.112311 0.431918
6.603 0.0234157 0.0428862 0.0256539 0.448779
4.727 0.0228783 0.0426453 0.0250816 0.43647
0.5808 0.10983 0.129951 0.148725 0.329218
1.072 0.0687776 0.0799438 0.0941603 0.201732
1.964 0.0312473 0.0407672 0.0337415 0.474123
1.911 0.0336874 0.0458246 0.0419181 0.329753
3.517 0.0270653 0.0446649 0.030425 0.423901
7.933 0.0256031 0.0489766 0.0264699 0.604369
1.278 0.0295916 0.0328279 0.0343538 0.249699
1.242 0.0417739 0.0525023 0.0474238 0.451371
0.9665 0.0478013 0.0680144 0.0633821 0.35323
0.7327 0.0360863 0.0428101 0.0479361 0.172605
6.538 0.0246917 0.0429687 0.0255827 0.494527
0.868 0.07014 0.0857921 0.0912401 0.349154
4.367 0.0292582 0.0372569 0.0262784 0.587657
0.3413 0.0856551 0.102525 0.118227 0.215243
0.4205 0.138321 0.166448 0.192367 0.321268
2.017 0.0314726 0.0411252 0.0328183 0.512312
2.317 0.017067 0.0217232 0.0186514 0.246117
1.661 0.0359282 0.0464917 0.0431673 0.333149
2.466 0.0313238 0.0705451 0.0422679 0.409639
0.5778 0.117834 0.137965 0.158903 0.353209
6.488 0.0236397 0.0361571 0.0222904 0.58958
4.174 0.0155979 0.0241735 0.0178631 0.285253
0.1409 0.171253 0.198357 0.232862 0.367092
0.5248 0.0730991 0.0950568 0.0978111 0.311312
1.416 0.0436874 0.0519667 0.0492854 0.426829
2.013 0.0284513 0.0461755 0.0355232 0.34462
1.846 0.0267345 0.0455902 0.0354526 0.287013
2.794 0.0238163 0.0397515 0.0278866 0.39555
0.08695 0.133703 0.156238 0.18441 0.263074
0.5429 0.0617873 0.0907232 0.0875631 0.261918
2.368 0.0372183 0.0871696 0.0475667 0.507701
5.691 0.0180593 0.0290343 0.0189398 0.371353
7.591 0.0248774 0.0376102 0.0237276 0.559508
0.3484 0.0421512 0.0540789 0.0569899 0.187506
5.423 0.0162922 0.0236419 0.0155868 0.423786
0.8837 0.0346078 0.0398901 0.0453243 0.170905
0.3655 0.0807803 0.0991361 0.112172 0.207007
0.9405 0.069988 0.089363 0.0945727 0.300028
3.631 0.0278482 0.0548927 0.029596 0.539674
4.917 0.024993 0.0427564 0.0249229 0.531759
0.79 0.0500964 0.0641367 0.0644028 0.310814
0.2062 0.109144 0.127677 0.149408 0.250782
2.613 0.0331686 0.0596007 0.0424264 0.438138
1.419 0.0351891 0.0401866 0.0391283 0.330224
0.1964 0.0916245 0.107737 0.12745 0.196257
0.3341 0.0912623 0.122534 0.124031 0.334778
6.349 0.0203628 0.0346448 0.0211376 0.461675
6.511 0.0177563 0.0282148 0.0183528 0.395934
4.853 0.0240031 0.0521308 0.0264921 0.523878
0.4205 0.0547987 0.0842299 0.0744114 0.262738
7.667 0.0265727 0.0467746 0.027213 0.54857
1.822 0.0376461 0.0607167 0.046478 0.430484
1.579 0.0352776 0.0481313 0.0464301 0.267365
7.75 0.0227649 0.0374498 0.0230662 0.482047
0.8646 0.0673498 0.0898956 0.0891554 0.375851
1.46 0.0368725 0.0477373 0.0451662 0.324518
0.02122 0.173655 0.201405 0.238615 0.310364
2.485 0.0224825 0.0343289 0.0295111 0.271218
5.871 0.0228262 0.0376032 0.0239893 0.430773
2.903 0.0250096 0.0392089 0.0292943 0.357034
3.473 0.0260503 0.0323314 0.0259979 0.364326
4.272 0.0197818 0.0259598 0.0192881 0.394494
3.511 0.0156754 0.026174 0.0182681 0.278187
1.234 0.0359274 0.0389609 0.0385477 0.354926
0.1845 0.132817 0.155955 0.181383 0.304855
0.4542 0.0442923 0.0564049 0.0632107 0.135653
0.287 0.0445213 0.0506898 0.0602391 0.153799
5.488 0.0214537 0.0334604 0.0215459 0.432152
2.589 0.0221066 0.0338411 0.0223074 0.405729
2.224 0.0168062 0.0224447 0.0192342 0.230601
1.339 0.0412521 0.0601737 0.048996 0.441221
5.535 0.0268396 0.0350351 0.0256194 0.459254
1.126 0.0383533 0.044857 0.0503102 0.200772
4.103 0.0215994 0.0326001 0.0212456 0.436843
7.27 0.0224558 0.0349542 0.0218737 0.518595
0.4204 0.0697347 0.0980163 0.0956037 0.289933
0.1505 0.068647 0.0810946 0.094552 0.181809
0.01799 0.113321 0.131343 0.156966 0.210793
4.149 0.0318562 0.077589 0.0394775 0.569592
0.04308 0.0649886 0.0759126 0.0913029 0.14316
0.5261 0.112274 0.1303 0.15088 0.322904
0.807 0.0403769 0.0663849 0.0574727 0.228801
0.4524 0.100064 0.117243 0.136335 0.265164
5.36 0.0296028 0.0613201 0.0327344 0.60623
3.439 0.0200732 0.0290078 0.0210865 0.353546
0.8866 0.0304918 0.0366642 0.0342158 0.286849
1.643 0.0281905 0.0324867 0.0364457 0.186843
3.88 0.0246819 0.0409577 0.0269357 0.429319
3.756 0.0224739 0.0388375 0.0230255 0.450179
5.739 0.0200918 0.0321617 0.0207415 0.400062
1.144 0.0349596 0.0438752 0.046286 0.198051
4.263 0.0287316 0.0454401 0.0286661 0.552965
0.4095 0.109865 0.127313 0.150515 0.253812
4.218 0.025262 0.0316618 0.0232095 0.499499
4.686 0.0149421 0.0324456 0.0166579 0.438446
0.5912 0.097905 0.119702 0.131674 0.342872
3.331 0.0202305 0.0450094 0.026253 0.374464
0.3329 0.0336571 0.0433115 0.0479664 0.116082
2.77 0.0249129 0.031901 0.0249332 0.360746
1.369 0.0496122 0.0580185 0.0632457 0.30113
3.004 0.0176534 0.0219136 0.0210712 0.255957
4.724 0.0176782 0.03082 0.0196529 0.385218
3.852 0.016909 0.0227118 0.0163866 0.345903
0.9711 0.0596426 0.0700778 0.0741044 0.375933
0.07013 0.0993409 0.116057 0.13733 0.204208
2.406 0.0219861 0.0318976 0.0275879 0.257467
1.27 0.0302398 0.0531631 0.0351718 0.386924
6.56 0.0266375 0.0537142 0.0279304 0.625387
3.131 0.0281671 0.0338463 0.0275959 0.377774
3.168 0.0234779 0.0454877 0.0264558 0.409584
0.8777 0.0270912 0.031319 0.0352654 0.157359
4.496 0.0182108 0.0223579 0.017182 0.346288
1.268 0.0621385 0.0926947 0.0826407 0.428563
0.728 0.0906518 0.109102 0.121201 0.359111
7.992 0.0260473 0.0463216 0.0258924 0.6418
4.001 0.0310598 0.0617295 0.0366646 0.51958
0.01223 0.136997 0.158738 0.188935 0.249326
0.3651 0.127333 0.162337 0.173551 0.419704
1.367 0.0385666 0.0473485 0.0479217 0.297393
3.449 0.013033 0.0170351 0.0136617 0.257607
1.538 0.0262711 0.0324719 0.0315773 0.261812
5.257 0.0197921 0.0284154 0.0191004 0.422152
0.4 0.0456122 0.0552929 0.0594097 0.226247
0.2027 0.143652 0.169617 0.195424 0.348599
6.764 0.0223874 0.0400527 0.0245495 0.445867
0.982 0.0718436 0.0870365 0.0970733 0.300365
1.339 0.0459573 0.055914 0.0598805 0.278492
1.434 0.0532048 0.0759605 0.0731019 0.337351
0.1919 0.0548814 0.0662765 0.0758047 0.160126
4.559 0.0216247 0.0288341 0.0204692 0.414281
3.884 0.024432 0.0515188 0.0292898 0.430744
5.77 0.0254805 0.0515693 0.0276288 0.566767
2.634 0.0225841 0.036523 0.027173 0.317707
0.1904 0.0312157 0.0367336 0.0446777 0.0949605
3.141 0.0185017 0.0239498 0.0189943 0.297313
0.725 0.0935359 0.1172 0.124817 0.397663
0.4461 0.0602091 0.0792706 0.0813896 0.247205
1.856 0.0370758 0.04246 0.0434893 0.332018
7.219 0.0176113 0.0262791 0.0168351 0.463888
0.3214 0.139359 0.170871 0.192255 0.378123
7.292 0.0259435 0.0454443 0.0259907 0.604145
1.044 0.0558115 0.076331 0.0726947 0.382359
0.09159 0.201809 0.235034 0.276294 0.38099
1.941 0.0308076 0.0360368 0.0369995 0.301569
3.084 0.0203949 0.0246673 0.0202365 0.357437
0.7853 0.0622526 0.0702692 0.0779223 0.34123
0.88 0.0498673 0.0605838 0.0682308 0.19086
3.609 0.0202021 0.0246957 0.0191444 0.343515
0.6977 0.0724922 0.0840906 0.0993165 0.199758
2.12 0.0278656 0.0408476 0.0304672 0.372879
4.748 0.0164527 0.0225034 0.0159987 0.355792
1.526 0.0301239 0.0362154 0.0405175 0.176269
5.559 0.0233368 0.0449772 0.024815 0.512855
4.406 0.0262843 0.0408203 0.0262565 0.490688
0.4105 0.0489878 0.0662151 0.0687004 0.18461
3.106 0.0252589 0.0381661 0.0242112 0.544391
1.682 0.0308835 0.0355061 0.0384736 0.227618
0.136 0.139139 0.164985 0.190839 0.305747
2.278 0.0236032 0.0284422 0.0268212 0.27549
0.7932 0.0489299 0.067095 0.0636453 0.305805
3.734 0.0228475 0.0464739 0.0256945 0.457377
0.2164 0.153884 0.184697 0.212203 0.33066
0.2298 0.0397594 0.0449866 0.0544043 0.128369
1.938 0.0274068 0.0330928 0.0299163 0.306452
2.353 0.037274 0.0696369 0.046515 0.453485
3.354 0.032976 0.0633932 0.0367915 0.560006
5.26 0.0216288 0.0365559 0.0214427 0.52521
2.929 0.021332 0.0461059 0.0260935 0.406403
0.4811 0.0751702 0.0869232 0.103641 0.179739
0.4894 0.06903 0.0807069 0.0941612 0.195708
5.221 0.0189082 0.0334103 0.0197234 0.436668
0.9495 0.0284601 0.0405996 0.0345134 0.277847
5.275 0.0175485 0.0308145 0.0193757 0.368763
5.468 0.0286169 0.0352015 0.0267343 0.482006
4.892 0.024482 0.0352714 0.0229468 0.549304
1.537 0.046521 0.0751448 0.0633536 0.369162
1.48 0.0342587 0.0523537 0.0467292 0.293673
0.0659 0.0999023 0.116923 0.138317 0.204002
2.937 0.0209238 0.0348367 0.0256836 0.36216
2.551 0.0207119 0.029853 0.0224257 0.335017
0.5457 0.103266 0.122133 0.139276 0.326137
4.667 0.0238516 0.0290989 0.022426 0.419363
5.329 0.0199425 0.0316269 0.0194612 0.478785
1.13 0.0279484 0.0347854 0.0310732 0.286682
3.019 0.0279452 0.052147 0.0300142 0.535007
0.9379 0.0552216 0.06459 0.067534 0.368824
1.386 0.0259992 0.0357805 0.0274716 0.362114
0.266 0.136161 0.158922 0.183545 0.356871
3.746 0.0321082 0.0657207 0.0417376 0.470951
4.512 0.0284941 0.0407501 0.02686 0.551263
0.0573 0.173145 0.204144 0.23818 0.330865
2.226 0.0281655 0.0316715 0.0280934 0.386771
5.826 0.0171587 0.022723 0.0163545 0.383086
3.574 0.0308302 0.0541883 0.0329467 0.554403
4.133 0.0139104 0.0226154 0.0165927 0.27025
1.679 0.0296896 0.0403164 0.0368484 0.267843
0.4941 0.0627288 0.073147 0.0836705 0.223169
4.595 0.0187184 0.0254695 0.0180334 0.403279
7.856 0.0274686 0.0452219 0.0273203 0.56326
0.9441 0.0435785 0.0513151 0.0598799 0.158633
2.056 0.0275808 0.057615 0.0347269 0.39281
0.5273 0.102604 0.120144 0.140159 0.26509
7.716 0.0256111 0.0430376 0.02508 0.606799
0.563 0.0256571 0.0332745 0.0345413 0.153035
0.8693 0.0584945 0.0691067 0.072906 0.381742
3.465 0.0283945 0.0452801 0.0279599 0.561
1.323 0.0236663 0.0314979 0.0312354 0.192413
0.9484 0.0377537 0.0437054 0.0435194 0.325708
0.5611 0.0477816 0.0566761 0.0632209 0.204591
0.7133 0.0991824 0.122706 0.136043 0.354372
2.053 0.0326259 0.0517649 0.0382816 0.411599
1.901 0.0359077 0.0511497 0.0422435 0.40529
2.36 0.028707 0.0320248 0.0346983 0.238336
4.008 0.0159113 0.0217188 0.0162028 0.314739
0.1699 0.0412872 0.0485363 0.0568214 0.138079
5.052 0.0243202 0.051492 0.0266122 0.530556
1.364 0.0251044 0.029521 0.0295616 0.232271
2.539 0.0254232 0.0472845 0.0353505 0.313324
4.882 0.024236 0.0407252 0.0246076 0.504213
5.586 0.0241684 0.030538 0.0228022 0.433214
2.423 0.0153661 0.0249295 0.0198582 0.209674
6.541 0.0232414 0.0353904 0.0220847 0.550943
6.087 0.0219636 0.0365085 0.0232379 0.423827
3.853 0.0272378 0.0480517 0.029438 0.465742
3.746 0.0230713 0.0242065 0.0210441 0.366577
7.882 0.0207992 0.0382507 0.0209034 0.56483
1.856 0.0320027 0.0632146 0.0395576 0.425437
1.12 0.0534115 0.0656218 0.0731434 0.22547
0.3315 0.0334673 0.0445321 0.0453811 0.177014
2.009 0.0195808 0.0324051 0.0258597 0.221575
1.453 0.0177934 0.0221408 0.0220021 0.184756
4.45 0.0129836 0.0184347 0.0132428 0.272734
2.655 0.0232292 0.0284779 0.0245924 0.409522
1.614 0.0317049 0.0336353 0.0329993 0.32321
5.454 0.0212225 0.0346071 0.0216577 0.428146
0.7268 0.046408 0.0533301 0.0618911 0.175753
3.835 0.0169994 0.0215034 0.0169891 0.38137
1.507 0.0401605 0.05001 0.048666 0.419282
3.464 0.0272828 0.0339032 0.0255959 0.483501
4.051 0.027451 0.0385521 0.0281524 0.417908
0.41 0.129664 0.151321 0.175188 0.347887
2.302 0.0299116 0.0407945 0.0366979 0.308753
2.078 0.0306731 0.0649958 0.0401016 0.401209
1.446 0.0452744 0.0633279 0.0549977 0.43359
0.6168 0.0495018 0.065288 0.064732 0.289415
1.261 0.0660006 0.0955671 0.0930764 0.304164
0.4693 0.0681971 0.0949251 0.0940741 0.27132
5.638 0.022774 0.0332787 0.0228338 0.406603
2.911 0.0296213 0.0452455 0.0312415 0.492313
2.189 0.0319313 0.0423471 0.0336579 0.454248
3.295 0.0323214 0.0678863 0.0389416 0.511898
1.742 0.036401 0.0434404 0.0400242 0.392382
1.938 0.0318723 0.0367278 0.0371342 0.292917
0.6117 0.0850046 0.0997988 0.110487 0.385661
1.677 0.0355767 0.0497386 0.0397123 0.44581
0.2896 0.0542856 0.0626246 0.0745967 0.152694
1.78 0.0369544 0.0615797 0.0476958 0.423736
1.105 0.0837221 0.101413 0.114546 0.284624
6.825 0.0185812 0.0285914 0.0181463 0.453161
0.8917 0.0501121 0.0615692 0.0638842 0.286415
2.064 0.0330331 0.0390715 0.0409038 0.285944
1.921 0.0387244 0.0487212 0.0524592 0.226675
2.703 0.0281005 0.0418457 0.0294735 0.461582
1.241 0.0238197 0.0349931 0.0298183 0.226611
2.855 0.0227875 0.0233015 0.021529 0.33396
1.268 0.0200701 0.0299049 0.0253908 0.206072
2.879 0.0203448 0.0300749 0.0215633 0.378423
3.647 0.0254623 0.0430653 0.0254773 0.540761
0.1283 0.110256 0.12975 0.151412 0.254417
0.543 0.109094 0.127242 0.14486 0.374972
0.4774 0.0933931 0.10891 0.124861 0.30057
3.197 0.0244018 0.0367732 0.0254145 0.428371
6.986 0.027562 0.0594815 0.0304469 0.582679
2.285 0.0153055 0.0198726 0.0174706 0.209865
0.263 0.108129 0.127998 0.145527 0.323216
0.1408 0.026924 0.0335323 0.0374781 0.122144
2.147 0.0325127 0.0465437 0.0364746 0.409778
1.341 0.06308 0.132662 0.0897024 0.521261
0.8036 0.0653795 0.0781912 0.0820867 0.40252
0.9256 0.0799651 0.10881 0.111593 0.347701
3.408 0.024945 0.0345709 0.0247044 0.427158
1.713 0.0174316 0.0201095 0.0211493 0.156863
0.7781 0.0303511 0.0561796 0.043307 0.195868
0.3386 0.0785909 0.0943817 0.104819 0.282232
1.004 0.0331065 0.0377841 0.040334 0.231857
1.248 0.034722 0.060773 0.0490293 0.33139
0.691 0.0760811 0.0903046 0.0981161 0.364159
0.2302 0.053484 0.0620972 0.075435 0.11941
0.06962 0.189338 0.22073 0.26045 0.349499
0.4791 0.0321543 0.0367487 0.0394736 0.215427
0.2644 0.0801393 0.0923554 0.109257 0.204837
1.953 0.0295621 0.0371475 0.0346733 0.313494
0.01224 0.140272 0.16249 0.193409 0.253709
0.6046 0.0551232 0.0779373 0.0773669 0.246953
0.07639 0.0733909 0.084985 0.102265 0.155784
7.732 0.019335 0.0331288 0.0198559 0.460821
4.599 0.0234654 0.0348176 0.024185 0.403271
7.784 0.0240599 0.0417817 0.0249521 0.491385
1.993 0.0342594 0.057588 0.0436337 0.407274
2.716 0.0235083 0.0312555 0.0257293 0.346465
2.639 0.0203139 0.0297566 0.0245527 0.253882
0.3053 0.160892 0.18823 0.219537 0.366158
0.1572 0.0627783 0.073105 0.0860651 0.174776
2.542 0.0194385 0.0203035 0.0187253 0.276636
5.581 0.0305739 0.0636898 0.0359938 0.554095
1.387 0.0632834 0.0862855 0.0851028 0.361358
0.02234 0.0708981 0.0819829 0.0994104 0.1408
0.3494 0.0606477 0.0698352 0.0816735 0.193835
0.4701 0.0479176 0.0584097 0.0640583 0.213438
1.709 0.0316849 0.0428034 0.0352858 0.399117
7.277 0.0243131 0.0410054 0.0245212 0.522761
6.101 0.0202961 0.0293098 0.0194674 0.446013
0.7718 0.0772897 0.0954098 0.106095 0.258178
0.878 0.0612351 0.0789306 0.0820514 0.28704
2.864 0.0354747 0.0818781 0.0433886 0.575702
4.685 0.0320649 0.0597881 0.0377102 0.509872
1.819 0.0276578 0.0370747 0.0284275 0.401549
5.827 0.019936 0.031157 0.0203631 0.424427
5.157 0.0133561 0.0180495 0.013071 0.315147
6.512 0.0217282 0.0334097 0.0208532 0.519815
1.543 0.0436594 0.0663858 0.0584494 0.341568
6.341 0.0262849 0.0403459 0.025829 0.535702
5.769 0.0205147 0.0383583 0.0234113 0.41648
0.525 0.134835 0.156677 0.18333 0.342222
3.929 0.0189963 0.0362113 0.0200763 0.472783
2.343 0.0302005 0.0620876 0.035534 0.528061
2.132 0.0278306 0.0341059 0.0267317 0.413339
0.6742 0.0392116 0.0597204 0.0567624 0.230575
4.214 0.0211314 0.0315841 0.0215043 0.394697
5.777 0.0179349 0.0292029 0.018433 0.384931
3.339 0.0343532 0.0743042 0.0438364 0.529283
0.9902 0.0649403 0.0962963 0.0872232 0.423422
4.394 0.016286 0.0191831 0.0152742 0.342851
2.347 0.0241519 0.0337034 0.0256204 0.343194
2.04 0.0349388 0.0405622 0.0412596 0.345282
0.5566 0.114494 0.141351 0.1569 0.344458
7.989 0.0241053 0.0459941 0.025356 0.566954
4.681 0.0347504 0.0841243 0.0425168 0.598202
2.362 0.0240718 0.028763 0.0250401 0.341217
7.218 0.0246289 0.0496013 0.0258765 0.612807
0.7622 0.0514461 0.0640867 0.0637163 0.361043
0.5587 0.127348 0.157471 0.178566 0.337643
2.225 0.0280606 0.0427798 0.028278 0.445923
0.7887 0.0982539 0.149503 0.137107 0.444425
0.2022 0.171566 0.203497 0.236521 0.348851
2.906 0.0251005 0.0280036 0.0230401 0.407395
1.986 0.0270752 0.03198 0.0292867 0.315814
1.976 0.024247 0.0276114 0.0243743 0.334549
0.8203 0.0540968 0.0679094 0.0737316 0.232562
2.208 0.0354179 0.0517845 0.0364307 0.54621
6.965 0.0235655 0.0356436 0.0232831 0.477819
3.348 0.0241465 0.0340007 0.023217 0.446561
3.322 0.0246871 0.0333202 0.0231537 0.472244
0.4526 0.110214 0.130038 0.152331 0.251111
1.85 0.0308719 0.0425063 0.0354212 0.370589
6.062 0.0198621 0.0336569 0.0201373 0.452256
7.082 0.0215768 0.0348458 0.0220311 0.460641
0.3645 0.149052 0.177634 0.205969 0.320334
0.7678 0.073644 0.0901659 0.0946909 0.391661
1.76 0.0319503 0.049343 0.044878 0.222195
3.083 0.0263143 0.0516571 0.0336946 0.382384
0.5118 0.0726705 0.0947137 0.103366 0.275184
1.008 0.0649244 0.0926445 0.0931542 0.317802
0.8462 0.0673304 0.0774348 0.0863166 0.350295
0.305 0.0568473 0.0673193 0.0781248 0.167491
3.945 0.0231874 0.0536555 0.0273098 0.502704
0.6825 0.0394236 0.0554222 0.0526956 0.252778
0.7413 0.0294623 0.0479878 0.0390251 0.224187
5.214 0.0225544 0.0309517 0.0213424 0.457828
7.754 0.0270032 0.0562955 0.0294331 0.592678
4.689 0.0166868 0.0274945 0.0163889 0.484228
0.0722 0.0264495 0.0306593 0.0391218 0.0708032
0.2806 0.0604806 0.0700564 0.0802748 0.213972
0.3112 0.0947641 0.110681 0.131157 0.20303
0.8723 0.0735991 0.0889732 0.101207 0.228365
3.146 0.0294645 0.0362545 0.02808 0.445714
3.595 0.0184512 0.0283572 0.0200634 0.322444
3.29 0.0190451 0.0267122 0.0201462 0.427057
0.4494 0.0897595 0.11004 0.119063 0.362817
2.621 0.0276566 0.0478036 0.0342558 0.401822
3.662 0.0161768 0.0196765 0.0161885 0.350356
1.911 0.0204483 0.0310624 0.0258403 0.233093
3.09 0.0207192 0.0251902 0.0213651 0.351801
4.21 0.0256514 0.033739 0.0251832 0.403735
5.456 0.0214528 0.0461891 0.0238944 0.474679
1.936 0.0262876 0.0351718 0.0284406 0.42059
0.3158 0.132859 0.165438 0.184395 0.339689
0.3646 0.0963741 0.11232 0.131001 0.253881
2.544 0.0309905 0.0495803 0.0367002 0.408094
3.591 0.0292768 0.0555661 0.0315346 0.526012
0.789 0.0861617 0.101952 0.118542 0.238072
0.4601 0.0828146 0.109662 0.112916 0.329809
0.561 0.0715661 0.09095 0.0981926 0.238574
6.049 0.0252671 0.0342718 0.0239313 0.485273
2.111 0.02339 0.027973 0.0259005 0.336228
0.6139 0.0450744 0.0754916 0.0618273 0.279707
0.1002 0.0288812 0.0335117 0.0410602 0.0942815
4.918 0.028126 0.0437595 0.0299656 0.468592
0.8578 0.0618769 0.0860179 0.0844941 0.364376
2.368 0.0218159 0.0269877 0.0248428 0.262888
0.4881 0.0816383 0.10222 0.114744 0.271882
0.5296 0.0772052 0.0900555 0.106019 0.198816
0.8485 0.0296702 0.0378195 0.0398299 0.175588
4.308 0.0284627 0.0467046 0.0279747 0.614825
3.556 0.0139742 0.0230339 0.016803 0.249808
3.884 0.0184745 0.0232853 0.0171889 0.414447
0.4236 0.0991714 0.12047 0.131696 0.368425
0.3711 0.0319524 0.0391285 0.043551 0.140656
2.261 0.0222256 0.02761 0.02433 0.314971
4.415 0.0232471 0.0362193 0.0230098 0.492041
1.797 0.0363209 0.057811 0.048046 0.351942
4.644 0.0208941 0.0318689 0.0201076 0.472718
1.453 0.0312684 0.0374548 0.0405147 0.228732
3.877 0.0176575 0.0238048 0.0168107 0.408894
3.973 0.0291018 0.0613252 0.0339093 0.546389
1.264 0.0517258 0.0625869 0.0712825 0.189455
4.221 0.0181662 0.0237088 0.0172408 0.399723
5.005 0.0230661 0.0352635 0.0236239 0.433932
3.244 0.0230981 0.0387261 0.0269187 0.356787
7.862 0.0273416 0.0401333 0.0263059 0.53533
3.436 0.0289231 0.0423845 0.0302132 0.444695
2.725 0.0247565 0.0303461 0.0272985 0.303069
7.403 0.0233467 0.0421739 0.0238973 0.543896
1.092 0.0499934 0.0594442 0.0686578 0.183681
0.1137 0.105994 0.129457 0.146842 0.24723
0.2259 0.0703025 0.0829582 0.09734 0.173298
5.555 0.0282624 0.0527015 0.0312469 0.515527
7.194 0.0252716 0.0482843 0.0279507 0.498941
0.7153 0.0277282 0.0326546 0.0326183 0.224619
3.398 0.0216498 0.0272281 0.0208542 0.388222
1.526 0.0424997 0.076693 0.0593484 0.430014
0.09626 0.173022 0.200585 0.237361 0.322594
0.1615 0.0324719 0.0361544 0.0441613 0.120615
1.792 0.0274088 0.0429022 0.0348933 0.287873
0.2062 0.142674 0.168495 0.193748 0.358186
1.613 0.0284274 0.0420449 0.0356584 0.29191
0.3223 0.0493769 0.0563271 0.0669613 0.155516
1.128 0.0443153 0.0554035 0.0543999 0.347619
4.143 0.0173649 0.0200519 0.0171985 0.29426
2.262 0.0201818 0.0238252 0.0251823 0.198572
1.132 0.0326923 0.0426816 0.0393619 0.299576
3.725 0.0223652 0.0279289 0.0208444 0.473922
0.2387 0.147437 0.170496 0.200009 0.340116
0.7354 0.0745869 0.111729 0.106085 0.36573
4.4 0.0172682 0.0222572 0.0160868 0.418457
0.744 0.131031 0.159013 0.180723 0.350402
7.998 0.024048 0.0473942 0.0249736 0.601929
6.729 0.0268053 0.0494959 0.0274279 0.594947
2.017 0.0282621 0.0462623 0.0339373 0.362602
0.2565 0.0622934 0.0704452 0.0828416 0.195904
6.121 0.0197484 0.0300631 0.0190008 0.466214
2.779 0.0268232 0.035643 0.0338833 0.364887
4.783 0.0170506 0.0392327 0.0214719 0.358396
1.295 0.0291746 0.0391512 0.0376132 0.236078
1.153 0.0379686 0.0450299 0.0452414 0.309978
0.06662 0.0757074 0.0879228 0.105553 0.15789
6.222 0.016547 0.0347537 0.0193568 0.415476
3.353 0.0182534 0.0209181 0.0206389 0.270111
5.764 0.0207372 0.0288129 0.0200383 0.423427
1.022 0.025834 0.0346113 0.0316988 0.224662
5.696 0.024236 0.0432505 0.0261239 0.475638
1.041 0.054316 0.0661286 0.0740149 0.209039
5.509 0.0224175 0.0402981 0.0260361 0.390378
6.723 0.0207935 0.0353461 0.022178 0.416068
4.146 0.0259818 0.0426823 0.0269702 0.489634
5.935 0.0253517 0.0382422 0.0260765 0.445714
0.01149 0.0886798 0.102577 0.123637 0.167406
2.358 0.0344479 0.0536927 0.0381639 0.509477
1.313 0.0466159 0.0557911 0.0591352 0.285844
5.257 0.0285592 0.048425 0.0324118 0.462685
0.2474 0.139876 0.168913 0.19169 0.334007
3.126 0.0277633 0.0596249 0.0349182 0.423216
4.485 0.0157274 0.0204172 0.0153076 0.305426
7.394 0.0266815 0.0514337 0.0273969 0.616492
0.6177 0.0693743 0.0981317 0.0937849 0.326465
1.351 0.0493845 0.0665101 0.0665395 0.296101
0.7246 0.08592 0.104537 0.118999 0.238979
1.683 0.048402 0.0578548 0.0641335 0.250703
1.509 0.0519576 0.0634851 0.0681795 0.299229
1.642 0.0291654 0.0424473 0.0327169 0.382552
2.62 0.0287383 0.0344009 0.028073 0.44664
1.847 0.0206645 0.0231341 0.0211216 0.271612
1.062 0.0270836 0.034178 0.0374758 0.13547
1.182 0.0529224 0.064762 0.0665872 0.335862
5.69 0.0193011 0.0280075 0.0184465 0.458958
0.653 0.10182 0.119752 0.140237 0.250005
3.258 0.0198802 0.0389487 0.0226214 0.383598
5.858 0.0292459 0.0680711 0.0351734 0.588492
0.5324 0.125494 0.150191 0.174483 0.283124
2.137 0.0274719 0.0274665 0.0254665 0.366393
4.437 0.0268818 0.0557538 0.0299998 0.529032
1.952 0.0366973 0.0451385 0.0402704 0.473955
0.5319 0.0455013 0.0556814 0.0604625 0.215157
2.223 0.0373181 0.0715914 0.0477454 0.445723
2.881 0.0217824 0.0257602 0.0223379 0.325721
1.706 0.0409608 0.0623233 0.0497004 0.462191
5.133 0.0291016 0.0579727 0.0319536 0.600801
1.013 0.0286886 0.0355774 0.0318411 0.304385
2.742 0.0267807 0.0383358 0.0265977 0.463522
1.162 0.0424557 0.0504159 0.0578601 0.175343
3.931 0.0218397 0.0363106 0.025153 0.353366
3.027 0.0201439 0.0250893 0.0207283 0.290702
1.339 0.066657 0.0794569 0.0892086 0.308274
6.742 0.0254594 0.03672 0.024705 0.491177
6.132 0.0239885 0.037256 0.024664 0.449349
1.593 0.0237773 0.0293654 0.0308416 0.190993
4.702 0.0204352 0.0305461 0.0207703 0.376684
1.039 0.0757396 0.0975907 0.100196 0.413583
0.1978 0.155951 0.182507 0.21269 0.346108
0.721 0.0828638 0.0988402 0.108108 0.375801
0.05095 0.0385464 0.0446158 0.0553017 0.0925752
0.7171 0.109274 0.134394 0.148351 0.37209
1.631 0.0379994 0.0447499 0.0426659 0.417637
5.892 0.0256146 0.0422717 0.0247833 0.625632
1.144 0.0727552 0.0950553 0.100843 0.322001
3.343 0.0155222 0.0233846 0.0163809 0.395419
1.023 0.0234317 0.0272199 0.0283421 0.203652
3.948 0.0227079 0.0366848 0.0244236 0.416735
0.7017 0.0414418 0.0544329 0.0510568 0.288575
6.251 0.0261945 0.0449701 0.0264296 0.565384
0.3171 0.0957603 0.111448 0.127792 0.30212
0.8651 0.0474018 0.0566764 0.0582808 0.323637
5.441 0.0204988 0.0365894 0.0206195 0.490714
0.05816 0.12856 0.149286 0.176946 0.251564
0.3429 0.0383545 0.0446261 0.0514603 0.148757
1.377 0.0275806 0.0352778 0.0349559 0.208726
0.5536 0.0330778 0.0489419 0.0446883 0.190117
0.1488 0.15754 0.183968 0.216729 0.302865
0.222 0.15687 0.189137 0.215975 0.351732
2.876 0.0279195 0.0350751 0.0269088 0.447731
6.721 0.0196335 0.0303048 0.0189171 0.489409
1.33 0.0452303 0.0571636 0.0552815 0.390639
3.717 0.0143115 0.0216146 0.0156615 0.347848
1.156 0.0451938 0.0548157 0.0559448 0.316329
1.89 0.0318007 0.0381114 0.0340182 0.35716
7.839 0.0272806 0.0570358 0.0296491 0.613027
4.182 0.0160071 0.0269888 0.0184453 0.301476
5.904 0.021714 0.0340256 0.0215309 0.461054
0.3034 0.0277379 0.0320204 0.0362905 0.138605
0.3084 0.103051 0.12372 0.139353 0.306619
4.057 0.0197871 0.0343806 0.0222966 0.377326
1.375 0.0612654 0.0718424 0.0816078 0.271992
0.5853 0.0366771 0.0442381 0.046444 0.239463
3.54 0.0132035 0.0212033 0.0155438 0.258311
4.981 0.0282941 0.0339109 0.0260531 0.484073
6.032 0.0295395 0.0570527 0.0323247 0.558378
0.4504 0.0746512 0.0881463 0.098654 0.275777
1.027 0.0624065 0.0777437 0.0818429 0.337684
4.542 0.0224989 0.0353007 0.0220545 0.504045
3.583 0.0193346 0.0278567 0.0201106 0.367791
5.574 0.0263479 0.0497561 0.0279515 0.569583
1.01 0.0838689 0.109839 0.117314 0.305665
0.8789 0.0417415 0.0496859 0.0573284 0.160928
0.3919 0.0469331 0.0619107 0.0635445 0.221946
0.1357 0.135305 0.157874 0.18569 0.27779
3.441 0.0129092 0.0146368 0.0132057 0.222205
2.721 0.0275411 0.0555937 0.0318568 0.494534
2.913 0.02019 0.0256324 0.0231836 0.303815
1.78 0.0450174 0.0580071 0.0588617 0.297294
0.328 0.0553489 0.0646312 0.0744543 0.193729
3.981 0.0222505 0.0506092 0.026342 0.476911
0.1942 0.113386 0.132784 0.15719 0.2304
4.626 0.0246429 0.0536605 0.0278298 0.540143
0.4972 0.0359034 0.0427316 0.0490967 0.137763
6.29 0.0213449 0.0362124 0.0221865 0.466539
0.7568 0.0667864 0.0824789 0.0883948 0.315941
5.596 0.0194063 0.0352863 0.019459 0.524713
2.694 0.0217489 0.0344927 0.0261849 0.351386
4.737 0.0266838 0.0375324 0.0259454 0.48023
0.5348 0.0581792 0.0710563 0.0771233 0.272493
1.613 0.0399658 0.049244 0.0492542 0.314484
1.867 0.0353609 0.0455455 0.0422751 0.3476
4.417 0.0342 0.0797324 0.0410605 0.616491
0.1193 0.183901 0.215718 0.253037 0.35859
7.983 0.0284872 0.0546296 0.0293003 0.64524
0.289 0.115965 0.135233 0.159786 0.244934
4.775 0.0209619 0.033258 0.0226601 0.379766
1.092 0.0433247 0.0581598 0.0582841 0.268913
1.835 0.0372736 0.0724256 0.0437128 0.554257
3.39 0.0188872 0.0327422 0.0227321 0.315624
4.668 0.0170951 0.0353227 0.0207188 0.389804
4.774 0.0155235 0.0216845 0.0145254 0.452041
0.7135 0.054089 0.0908144 0.0759621 0.301793
0.9512 0.0648386 0.0829067 0.0846032 0.367046
0.8947 0.0342676 0.0550323 0.0477516 0.234646
2.399 0.0248892 0.0427574 0.0350445 0.284676
0.337 0.108407 0.12691 0.14654 0.305882
1.786 0.0305192 0.0362094 0.0339905 0.3209
5.164 0.0241305 0.0335981 0.0231443 0.444489
1.114 0.0553594 0.0731001 0.0772261 0.220677
6.914 0.0314579 0.0659791 0.0351981 0.610706
7.863 0.0286148 0.0511513 0.0291165 0.606669
0.3751 0.062721 0.0769097 0.0855665 0.212464
1.433 0.0308567 0.0403472 0.0335956 0.359313
1.245 0.0392579 0.0436805 0.0497595 0.214822
2.343 0.0170324 0.0312285 0.0231895 0.215963
0.02103 0.11326 0.131141 0.156472 0.217286
1.445 0.0352101 0.0377374 0.0367048 0.397858
6.666 0.0258848 0.0412674 0.0249226 0.606717
2.173 0.028684 0.0341899 0.0334241 0.285928
6.001 0.0257282 0.0362148 0.0245304 0.513356
0.166 0.0636399 0.0737264 0.0877795 0.163474
6.799 0.0209526 0.0341539 0.0211303 0.472784
4.263 0.0136859 0.0246261 0.0150719 0.346611
4.945 0.0294227 0.0420201 0.0282492 0.534181
1.154 0.0578377 0.0713383 0.0730642 0.373383
1.198 0.0449823 0.0516625 0.0528234 0.37688
2.525 0.0291645 0.0353272 0.0297507 0.387532
2.375 0.0278707 0.04915 0.0320086 0.409179
0.3287 0.133285 0.164482 0.181715 0.372774
7.896 0.0253977 0.0486003 0.0274845 0.53851
1.491 0.0381211 0.0737006 0.0469285 0.460335
1.835 0.0295362 0.0335496 0.0361132 0.237175
1.775 0.035363 0.0501381 0.0426015 0.382323
1.491 0.0473359 0.0635214 0.0590593 0.404371
3.346 0.0198929 0.0369821 0.0238313 0.386349
0.527 0.0437901 0.0584319 0.0565146 0.263975
0.7339 0.0371841 0.0489896 0.0526916 0.152048
0.7161 0.0360626 0.0558973 0.0511176 0.163949
7.994 0.0266619 0.0443827 0.0270771 0.532899
0.6136 0.109011 0.134115 0.151688 0.31098
3.865 0.0353572 0.0826679 0.0429013 0.579972
1.981 0.0293792 0.0439705 0.0340464 0.395021
1.759 0.0255307 0.027317 0.0286409 0.238453
3.179 0.0271452 0.0320052 0.0260555 0.39743
0.9951 0.0236368 0.0306681 0.0288675 0.195803
7.822 0.0247815 0.0438163 0.0256328 0.529751
3.412 0.0198025 0.0209576 0.0185344 0.32794
2.319 0.0273429 0.0337612 0.0262561 0.442018
0.8774 0.0423955 0.0501483 0.0561032 0.195454
1.306 0.058708 0.0831055 0.0826025 0.29624
2.565 0.0238854 0.0338621 0.0278727 0.325766
2.759 0.0317147 0.0600544 0.036425 0.514667
0.3126 0.110846 0.127699 0.147997 0.327317
1.882 0.0242444 0.0258569 0.0231338 0.345517
3.951 0.0272869 0.0471621 0.0334316 0.416305
2.692 0.020987 0.035256 0.0243758 0.365105
3.384 0.0258402 0.0433364 0.0281581 0.416683
5.698 0.0262085 0.0416053 0.0250153 0.596224
0.3172 0.0340931 0.0405997 0.0460332 0.14126
1.018 0.0762812 0.0944805 0.105569 0.266519
6.749 0.0195562 0.0340436 0.019819 0.46106
5.137 0.0288929 0.0636716 0.03241 0.56648
6.154 0.0236526 0.0404686 0.025934 0.431464
2.675 0.0168418 0.0267875 0.0191472 0.297059
1.266 0.0433344 0.0523471 0.0576085 0.227535
2.057 0.0332047 0.0386851 0.0373499 0.420565
0.5301 0.0429785 0.0561481 0.0566873 0.215209
2.823 0.022106 0.0404541 0.0243779 0.414802
4.742 0.0277815 0.0304325 0.0248534 0.458617
3.425 0.0181309 0.0308445 0.0204598 0.352759
6.543 0.0260808 0.0412188 0.0262224 0.491158
0.3345 0.101327 0.118732 0.138594 0.251538
0.3737 0.05025 0.0586429 0.0674569 0.185493
5.98 0.0256112 0.0378159 0.0249801 0.514937
0.9853 0.0828511 0.0996184 0.11219 0.304885
0.6769 0.0398347 0.0462643 0.0547732 0.13351
5.718 0.0224585 0.0465172 0.0242594 0.578214
0.0659 0.0771497 0.0900689 0.106835 0.173653
1.741 0.0253898 0.0370683 0.0283575 0.312793
0.3444 0.150572 0.178768 0.205903 0.368788
0.7535 0.0838651 0.0969802 0.112165 0.282822
7.72 0.0286145 0.0430693 0.027838 0.539873
0.1271 0.183819 0.212655 0.250475 0.370197
2.266 0.0323007 0.0445386 0.032429 0.507903
6.812 0.0211716 0.0371542 0.0224734 0.462704
0.7476 0.0558211 0.0682575 0.0753761 0.229252
6.776 0.0272306 0.0397827 0.0256991 0.578749
2.005 0.0241297 0.0246962 0.0239219 0.31441
3.185 0.0244877 0.0413268 0.0262267 0.422801
1.002 0.0209646 0.0229441 0.0258766 0.145978
6.99 0.0227662 0.0335307 0.0221216 0.461233
0.5281 0.0951771 0.121875 0.130809 0.322832
5.756 0.0274317 0.0564403 0.032809 0.489858
1.166 0.0204616 0.0247073 0.0281178 0.125889
3.628 0.0216988 0.0290733 0.0213964 0.395015
4.105 0.0176544 0.0309446 0.0212143 0.305819
0.5632 0.10318 0.121671 0.14068 0.278201
0.6639 0.0393639 0.0413627 0.046613 0.239771
5.266 0.0271893 0.0366479 0.0263816 0.47278
7.618 0.0198577 0.0365699 0.0211636 0.459215
0.6887 0.109666 0.130654 0.151309 0.283667
5.628 0.0248228 0.0451586 0.0265576 0.487174
3.656 0.0208609 0.0475604 0.0247227 0.435346
6.219 0.0285968 0.0375114 0.0270449 0.510366
2.58 0.027351 0.0400532 0.0293086 0.403152
5.16 0.029806 0.0505304 0.0339343 0.474911
0.3441 0.121559 0.142977 0.163879 0.349755
3.94 0.0297731 0.0537483 0.0344884 0.489428
4.169 0.0182634 0.0252211 0.0185435 0.353542
1.338 0.0694844 0.0989843 0.0955744 0.373144
6.099 0.0229079 0.0449557 0.0251886 0.473285
3.878 0.0205052 0.0322708 0.0219261 0.400797
2.703 0.0276816 0.0381646 0.0292267 0.409985
2.429 0.0222922 0.0254908 0.0208892 0.368699
0.3281 0.131585 0.160017 0.181445 0.360837
4.113 0.0265337 0.0489966 0.0269876 0.584484
5.968 0.0257173 0.0508361 0.0273152 0.585891
3.049 0.020785 0.0281974 0.020506 0.360846
4.736 0.0198481 0.0350084 0.0225909 0.380914
6.363 0.019502 0.0295646 0.0187219 0.482582
1.01 0.0500428 0.0589291 0.0633557 0.303185
0.9143 0.0257128 0.0396641 0.0283907 0.339915
7.938 0.0248682 0.0415393 0.0251744 0.512504
2.233 0.0363396 0.0777156 0.0474346 0.486488
0.4973 0.0634805 0.0760823 0.0875669 0.183772
5.272 0.0253597 0.0345069 0.023865 0.48567
3.287 0.0254944 0.036621 0.0269259 0.399389
4.443 0.0190811 0.0248062 0.01771 0.419581
6.983 0.0258035 0.0481747 0.0262357 0.618159
5.423 0.0175897 0.0268657 0.0174155 0.425321
3.628 0.0230202 0.0233156 0.0202949 0.382535
6.724 0.0249211 0.0521899 0.0275815 0.551538
2.303 0.034882 0.0436493 0.0460662 0.242323
6.796 0.0268096 0.0451457 0.0282973 0.493463
5.497 0.0153079 0.0189026 0.0140014 0.395183
2.738 0.027404 0.0411187 0.0283001 0.449365
6.655 0.0222212 0.0372571 0.0227562 0.473473
0.5237 0.0448873 0.0495387 0.0569715 0.211336
1.34 0.0276524 0.0354086 0.0333849 0.237864
1.833 0.0252025 0.0324387 0.0336038 0.176302
1.699 0.0275085 0.0315238 0.0330844 0.217625
0.634 0.0605476 0.0693604 0.0800222 0.226094
3.423 0.0194098 0.026402 0.0183543 0.448846
0.5402 0.0710686 0.0921031 0.0963189 0.286735
0.2728 0.105836 0.12756 0.144661 0.283217
3.498 0.0244879 0.035381 0.0249646 0.393284
2.072 0.0257858 0.0536312 0.0338777 0.364579
1.427 0.0321914 0.0443626 0.0396684 0.305992
1.503 0.0409571 0.0737898 0.054614 0.402492
3.971 0.0289751 0.0453416 0.0278982 0.581906
0.8932 0.0601078 0.0691554 0.0782948 0.257849
1.253 0.0312697 0.0424247 0.0360157 0.319675
5.7 0.0163658 0.026579 0.0157774 0.483896
3.615 0.0183495 0.0226901 0.0177946 0.350356
1.915 0.0402783 0.060924 0.0550308 0.325024
0.1364 0.179839 0.208762 0.245508 0.361173
2.732 0.0174281 0.0276159 0.0213364 0.327085
1.147 0.0639604 0.078521 0.0855177 0.298057
0.615 0.0491495 0.0604131 0.0638952 0.258369
2.607 0.021128 0.0288749 0.0220519 0.334861
4.1 0.031079 0.0492218 0.0317061 0.541181
3.681 0.0286863 0.0445142 0.029234 0.487243
1.284 0.0307195 0.0531042 0.0434879 0.227325
0.1109 0.165683 0.193684 0.2266 0.34255
3.65 0.0252159 0.0302634 0.0233214 0.434683
3.263 0.0211285 0.0240115 0.0208854 0.325903
0.4895 0.117681 0.144164 0.162743 0.333409
3.328 0.0228296 0.0435037 0.0278096 0.368578
0.3153 0.129336 0.1639 0.177532 0.372483
6.744 0.0259608 0.0436392 0.0257064 0.56582
0.1293 0.075576 0.0873359 0.104852 0.163759
0.5913 0.036067 0.0453811 0.0490503 0.16696
0.5496 0.072438 0.0921007 0.097408 0.293638
0.26 0.0377675 0.04295 0.0503905 0.152868
0.06376 0.0404055 0.0464787 0.0569416 0.109455
7.091 0.0222689 0.0361079 0.0214138 0.576233
0.6043 0.0707387 0.0850028 0.0955113 0.241953
1.967 0.0182778 0.0233073 0.0234378 0.171331
0.04401 0.192629 0.223346 0.264325 0.342247
1.926 0.0232285 0.026434 0.023837 0.286163
5.661 0.0240294 0.0329081 0.0229946 0.449079
1.467 0.0384127 0.053125 0.0491837 0.329714
3.412 0.0188147 0.0231361 0.0187317 0.293176
0.706 0.0551406 0.0834159 0.0722668 0.358012
4.338 0.030568 0.0575484 0.0326585 0.543075
1.17 0.0467657 0.055908 0.0624683 0.226691
3.971 0.0173728 0.0224512 0.0165985 0.346348
0.173 0.140206 0.170262 0.191649 0.339703
1.918 0.0336907 0.0670153 0.0443918 0.404184
7.738 0.0241904 0.0407596 0.024287 0.531265
0.04463 0.0895347 0.104172 0.124752 0.172698
3.39 0.0251082 0.0357665 0.0268764 0.373286
3.919 0.0326744 0.0734527 0.041071 0.55594
0.7019 0.0724438 0.0857925 0.0953477 0.307377
1.321 0.0338762 0.0415268 0.0390727 0.299519
1.689 0.0314558 0.0356742 0.0319795 0.440648
1.403 0.0445776 0.0525393 0.0552037 0.303998
3.674 0.0319154 0.0622842 0.0389193 0.494392
4.041 0.0152551 0.0224336 0.0164637 0.364198
3.049 0.0212288 0.0439974 0.0284219 0.355929
3.453 0.0201139 0.0229716 0.0188424 0.364213
0.6968 0.0856894 0.112671 0.11386 0.42152
5.327 0.0292654 0.0598847 0.0355629 0.484855
0.983 0.0270034 0.038091 0.0318615 0.267238
0.3726 0.0520799 0.069443 0.0701599 0.236675
1.181 0.0472437 0.0680424 0.0650808 0.241076
0.0514 0.0867626 0.10438 0.120994 0.186796
2.177 0.0308708 0.0449243 0.0380625 0.358025
4.905 0.024847 0.0581781 0.0301147 0.487973
1.708 0.0315142 0.036317 0.0325885 0.370359
1.986 0.0332714 0.0343466 0.0335386 0.387286
0.4465 0.0998244 0.115146 0.134683 0.272255
1.718 0.0229296 0.0324663 0.0330112 0.161802
4.342 0.0300997 0.0566134 0.0308735 0.634041
3.331 0.0310137 0.0621714 0.0335595 0.580898
2.81 0.0272449 0.0401975 0.0262106 0.53773
4.186 0.0179337 0.0231123 0.0180007 0.347562
2.198 0.0436852 0.0928767 0.0617163 0.498798
1.814 0.026546 0.0481408 0.0305696 0.38026
6.851 0.0286965 0.0438984 0.0272501 0.609579
1.362 0.0296425 0.0439243 0.0356905 0.31535
0.4043 0.0708425 0.0872283 0.0952665 0.265219
0.3266 0.113438 0.13241 0.156398 0.238953
1.699 0.0350973 0.05248 0.0405169 0.439124
3.85 0.0283913 0.0338438 0.0257028 0.577943
7.857 0.0255091 0.0530949 0.0274561 0.6043
1.584 0.0328552 0.0448385 0.0374465 0.362838
6.57 0.0282749 0.0562532 0.0311459 0.557532
6.214 0.0292263 0.058709 0.0338701 0.541785
0.5775 0.0518135 0.0597195 0.070332 0.16706
3.994 0.0261391 0.0464482 0.0264186 0.533587
7.223 0.0188338 0.0274804 0.0181226 0.429855
1.578 0.0307931 0.035988 0.0385933 0.26294
0.5806 0.0318429 0.0370241 0.0429123 0.135959
0.4357 0.114682 0.148943 0.15657 0.411001
3.365 0.0266532 0.0301195 0.0248773 0.458308
6.267 0.0237442 0.0439898 0.0240787 0.592406
0.3738 0.137737 0.161435 0.189654 0.289993
2.462 0.0230188 0.0246185 0.0240401 0.288839
2.642 0.0237096 0.0286935 0.0260312 0.337856
2.07 0.0272827 0.0502666 0.0301906 0.44912
0.4739 0.113067 0.13297 0.155941 0.260686
5.269 0.0184447 0.0254827 0.0176318 0.400921
1.09 0.050015 0.0731019 0.0655088 0.364606
4.939 0.022744 0.0411778 0.0229892 0.551062
4.166 0.0208541 0.0314906 0.021343 0.396327
0.03745 0.153368 0.177652 0.210744 0.284651
2.013 0.0278412 0.0323342 0.0267632 0.416787
1.077 0.0557112 0.0666148 0.0692573 0.387103
7.727 0.0214923 0.0431529 0.0227324 0.545602
0.1798 0.0538712 0.0624775 0.0757159 0.1251
4.454 0.0248648 0.0292032 0.0229567 0.415808
6.433 0.0245781 0.0367444 0.0244637 0.458885
4.57 0.029887 0.0651035 0.0348666 0.53626
0.6159 0.0899312 0.123768 0.121865 0.405901
1.551 0.0290251 0.0342866 0.034616 0.244654
3.892 0.0212101 0.0309154 0.0205639 0.45636
5.883 0.01751 0.0303772 0.0191958 0.367071
3.394 0.0163497 0.0215773 0.0185641 0.306406
0.2179 0.083459 0.096618 0.115629 0.176918
0.3963 0.11369 0.133565 0.154168 0.313654
0.102 0.112044 0.132713 0.154569 0.238769
0.3758 0.145133 0.180006 0.199293 0.372346
0.5875 0.0926924 0.109333 0.128376 0.218421
6.496 0.0193681 0.0307602 0.0189647 0.48044
6.822 0.0210745 0.0328 0.0201518 0.531631
0.7843 0.112866 0.131311 0.154248 0.290517
0.8119 0.0828404 0.0984313 0.107006 0.397496
5.787 0.0293135 0.0552222 0.0321964 0.519499
2.407 0.0233935 0.0270567 0.0297241 0.205337
0.4038 0.0817321 0.0972551 0.10795 0.311757
6.457 0.0243743 0.0391255 0.0244239 0.514752
0.03437 0.119042 0.137873 0.16456 0.221522
0.6215 0.0623312 0.0826359 0.0865938 0.253091
1.609 0.037701 0.062568 0.0462374 0.416171
0.9894 0.0446978 0.0611421 0.0555459 0.358913
4.334 0.0287938 0.0408983 0.0272584 0.589943
4.74 0.0246488 0.0412603 0.0267494 0.445158
2.434 0.0307765 0.030553 0.0283834 0.454426
0.4457 0.0949946 0.111309 0.126179 0.323557
3.215 0.023939 0.0337284 0.0252276 0.375758
1.61 0.0454116 0.0563647 0.0575944 0.329704
0.4684 0.0328289 0.0391449 0.0454998 0.125821
2.461 0.018764 0.0266516 0.0192696 0.327619
4.166 0.0206275 0.0411835 0.0233701 0.431216
4.496 0.0258388 0.0428303 0.0284449 0.454371
4.259 0.0183761 0.0214012 0.0172163 0.325334
3.056 0.021944 0.0253606 0.0210505 0.361051
4.637 0.0237367 0.0390339 0.0229059 0.543138
0.1208 0.163634 0.191172 0.225034 0.319336
0.4206 0.0286792 0.0336782 0.038094 0.148357
0.6049 0.0904001 0.11324 0.11768 0.453438
1.398 0.0459802 0.0536197 0.060815 0.216842
0.2834 0.14103 0.177223 0.196816 0.338685
3.357 0.025155 0.0372947 0.0247022 0.475566
0.0119 0.224301 0.259976 0.307284 0.389503
1.97 0.0231448 0.032461 0.0287834 0.240162
2.319 0.036107 0.0541931 0.0502164 0.293104
3.035 0.0251317 0.0398076 0.033878 0.299463
3.741 0.0235148 0.0362823 0.0227783 0.532983
0.1728 0.145133 0.168808 0.197444 0.3259
0.7414 0.0897629 0.107425 0.122486 0.272726
1.683 0.0363754 0.0517827 0.0488913 0.273916
5.161 0.0211019 0.0456682 0.0240046 0.475184
3.958 0.0142615 0.020275 0.0155832 0.255139
4.658 0.0155946 0.0241608 0.0173015 0.305118
6.352 0.0213962 0.0335882 0.0211422 0.470511
7.715 0.0281409 0.040313 0.026737 0.565291
4.984 0.0284233 0.0488067 0.0296929 0.516165
3.96 0.01905 0.0220748 0.0181891 0.334293
1.376 0.039929 0.0687292 0.0554956 0.332623
0.2978 0.0842458 0.0978708 0.114511 0.233974
6.199 0.0262429 0.0459362 0.0275542 0.496265
2.312 0.0302168 0.067851 0.0384376 0.479449
2.393 0.0273586 0.0328192 0.0299021 0.35568
1.427 0.0499348 0.0601721 0.0655434 0.263931
1.67 0.032358 0.0350636 0.032876 0.416829
2.279 0.0293727 0.0499652 0.0329805 0.453932
7.886 0.0227891 0.0365456 0.0219443 0.576675
0.1209 0.17275 0.201322 0.235958 0.359941
0.1753 0.0976897 0.118387 0.133628 0.260713
0.3139 0.0327688 0.0390755 0.046418 0.105746
1.099 0.063252 0.0753464 0.0816097 0.368549
5.585 0.0261216 0.050496 0.0268719 0.646925
2.16 0.027907 0.0441443 0.0315907 0.415011
0.9175 0.0593194 0.0754872 0.0805185 0.258126
2.359 0.0252631 0.0387513 0.0287264 0.349348
2.767 0.0236013 0.0324214 0.0229007 0.483654
0.2509 0.0450653 0.0525272 0.0612549 0.15248
1.699 0.0278924 0.0349743 0.0285232 0.389685
4.277 0.0283654 0.0522465 0.0330185 0.457231
0.2235 0.100959 0.12166 0.137883 0.274938
7.481 0.0236093 0.0346956 0.0228846 0.500028
6.024 0.0225598 0.0321286 0.0217918 0.470765
3.229 0.0250328 0.0480437 0.0316929 0.388684
3.534 0.0277295 0.0437652 0.0292736 0.464515
2.336 0.0260192 0.0255298 0.0237149 0.352458
1.789 0.0211865 0.0324091 0.0251685 0.26825
0.04647 0.139798 0.161912 0.192751 0.254027
4.743 0.0157899 0.0254822 0.0173093 0.334007
6.28 0.0216549 0.0440883 0.0247299 0.472799
3.68 0.0179457 0.023642 0.0176236 0.400636
0.9366 0.0699844 0.0915044 0.0929832 0.369737
6.998 0.0270316 0.0478524 0.0275893 0.560712
4.729 0.0250549 0.0464559 0.0255193 0.571987
0.8223 0.0931534 0.130256 0.13364 0.407976
6.94 0.0218992 0.0402005 0.0242049 0.444996
4.034 0.0251969 0.0494671 0.0303196 0.436684
2.467 0.0260003 0.0414804 0.0266234 0.46727
7.064 0.0167847 0.0259116 0.0160658 0.452448
6.368 0.0201825 0.0318111 0.0204356 0.419642
1.906 0.0164672 0.018529 0.0191275 0.191252
2.404 0.0187294 0.0247592 0.0237758 0.188215
0.5903 0.101411 0.118569 0.136834 0.307667
0.1614 0.0889929 0.103723 0.123932 0.178269
1.594 0.024659 0.0235461 0.0232764 0.28765
3.674 0.0162282 0.024392 0.0179537 0.297531
5.127 0.0225097 0.0292668 0.0206757 0.478222
3.952 0.0176856 0.0265961 0.0169726 0.41997
6.391 0.0263898 0.0482335 0.029928 0.480998
0.7966 0.0458692 0.0628143 0.0646802 0.206657
0.2192 0.0726607 0.0922466 0.102488 0.205167
1.972 0.0405181 0.0914412 0.0521663 0.529496
1.768 0.0353871 0.0470092 0.0424978 0.379962
3.555 0.0207891 0.0253244 0.0199477 0.360574
0.4327 0.0858107 0.0989555 0.116295 0.23813
2.003 0.025005 0.0389801 0.0290875 0.349565
7.455 0.0261993 0.03964 0.0258196 0.505356
0.4982 0.0545338 0.0690016 0.0752709 0.198843
0.0467 0.103732 0.119933 0.143551 0.199986
0.7351 0.0957467 0.112087 0.128068 0.328605
1.808 0.0261461 0.0469045 0.0328053 0.310683
0.06227 0.0977512 0.113347 0.134981 0.202066
6.782 0.0227817 0.049596 0.0265372 0.490829
1.334 0.0434954 0.0629033 0.0524723 0.463863
5.616 0.0229646 0.035649 0.0229994 0.47295
3.76 0.0171612 0.0218437 0.0183312 0.284868
0.6598 0.0363904 0.0463863 0.0520564 0.122538
0.6317 0.0628814 0.0746067 0.08643 0.187498
2.59 0.0167098 0.0249293 0.0205716 0.243165
4.696 0.0178993 0.0336144 0.0199976 0.412374
3.771 0.0272855 0.0455263 0.0304413 0.434342
3.051 0.0199043 0.0297331 0.0240912 0.282523
2.557 0.0264282 0.04444 0.036022 0.290872
0.4923 0.116315 0.13711 0.16084 0.260597
3.286 0.0206338 0.027227 0.0201361 0.355236
0.8213 0.0724268 0.095698 0.101026 0.284623
3.768 0.0233343 0.0331169 0.0225936 0.478563
3.561 0.0153658 0.022182 0.0158346 0.310379
7.117 0.027887 0.0459432 0.0274663 0.606814
1.943 0.0276866 0.0472353 0.0312355 0.409466
3.511 0.0142649 0.0188731 0.0150684 0.243446
5.646 0.0194719 0.0318399 0.0196211 0.429154
2.29 0.0223 0.0273634 0.0281336 0.217753
1.083 0.0582785 0.0802972 0.0767042 0.369107
2.779 0.0301722 0.0711159 0.0366098 0.523896
3.507 0.0195679 0.0390319 0.0229246 0.423447
0.2952 0.11087 0.147827 0.15351 0.340106
6.979 0.0167179 0.0249236 0.0158642 0.452321
0.3913 0.0580402 0.0736584 0.0787057 0.239633
1.471 0.0387301 0.0550643 0.0459687 0.445337
0.3659 0.039544 0.0455366 0.0524297 0.15684
6.471 0.0314663 0.0613907 0.0346245 0.595353
3.758 0.0209729 0.0262261 0.0195602 0.436698
0.2326 0.0461575 0.0595304 0.0641606 0.153543
7.65 0.0230399 0.0390278 0.0230349 0.54371
3.183 0.0207177 0.040117 0.024868 0.355731
1.527 0.0225365 0.0329014 0.0287724 0.223743
0.2224 0.0935053 0.108794 0.129786 0.189272
0.5956 0.0693897 0.0876667 0.0937392 0.311502
0.8646 0.0683001 0.0832037 0.0922416 0.262195
3.866 0.0285765 0.0472898 0.029551 0.492067
0.9666 0.0517082 0.061523 0.0640108 0.32313
3.112 0.0135672 0.016673 0.0145372 0.254502
4.531 0.0286487 0.0574185 0.0316705 0.551191
1.701 0.0220641 0.0283781 0.0246403 0.251243
3.383 0.0313113 0.0487275 0.0341209 0.47908
0.5486 0.0636491 0.0750383 0.0847592 0.242296
0.01409 0.026311 0.0301459 0.0389381 0.0686475
0.4272 0.0800987 0.093714 0.108607 0.23036
0.7211 0.083049 0.102629 0.110471 0.348404
3.615 0.0265485 0.0261748 0.0236959 0.404327
0.9155 0.0625219 0.0731645 0.0826816 0.275131
0.05103 0.157584 0.184474 0.217575 0.2968
2.584 0.0218532 0.0396965 0.0245653 0.430006
4.616 0.0239149 0.0284159 0.022429 0.409004
4.51 0.0211349 0.0283538 0.0203777 0.403297
0.4895 0.0279358 0.033277 0.0338795 0.21686
0.6201 0.0398411 0.0514441 0.0507124 0.261815
0.3077 0.0395316 0.0489821 0.055088 0.137257
0.682 0.0787812 0.090372 0.101072 0.394344
0.7962 0.0402392 0.0632358 0.0509354 0.296566
0.5286 0.103551 0.133155 0.141274 0.400514
2.174 0.0297294 0.0449001 0.0312162 0.440483
1.698 0.0195584 0.0246387 0.0261692 0.157314
0.1247 0.0547654 0.0637333 0.0776553 0.118058
1.478 0.0441651 0.04882 0.0520644 0.363854
0.2991 0.140082 0.163603 0.192683 0.287913
6.01 0.0217465 0.0315381 0.0214976 0.42422
2.98 0.0229707 0.0277994 0.0242653 0.3608
1.948 0.0365832 0.0708238 0.0497896 0.439387
6.31 0.0264491 0.0584814 0.0294248 0.57925
5.837 0.0289546 0.0671883 0.0330909 0.582573
2.907 0.0167394 0.0322491 0.0206036 0.317232
4.63 0.0219444 0.0296633 0.0215027 0.388021
1.027 0.027147 0.0366775 0.0377721 0.150743
0.3933 0.150347 0.174839 0.206263 0.313352
3.958 0.0260233 0.0377225 0.0254237 0.510924
1.035 0.0319032 0.0626175 0.0385985 0.380172
2.091 0.0206298 0.0300014 0.0236073 0.314841
2.269 0.0333553 0.0614108 0.0363383 0.543399
2.342 0.021815 0.0253187 0.0212963 0.380078
2.361 0.018187 0.0374378 0.0246624 0.239647
4.165 0.0314612 0.0631704 0.0379027 0.503036
2.368 0.024578 0.0393811 0.0276548 0.364492
0.1143 0.196252 0.228423 0.269346 0.360788
7.801 0.0247383 0.0386577 0.0244699 0.501799
0.7219 0.106808 0.139616 0.14507 0.417311
4.026 0.0193919 0.0268168 0.019222 0.385092
1.263 0.0257725 0.0307059 0.0351769 0.128763
6.543 0.0213365 0.0310972 0.0204458 0.470008
0.04942 0.162455 0.188858 0.222638 0.31439
3.679 0.028074 0.0350189 0.0269918 0.416475
5.026 0.0287859 0.0421705 0.0287531 0.470908
2.036 0.0269937 0.0433656 0.0374314 0.260776
0.3963 0.100842 0.121983 0.136873 0.306243
0.6142 0.114862 0.139194 0.155095 0.379133
1.429 0.0415983 0.052793 0.0476038 0.417445
4.065 0.0225603 0.0469077 0.0269316 0.476371
0.5361 0.0714652 0.0836455 0.0935715 0.285105
0.7909 0.0705265 0.0921002 0.0957499 0.337238
1.423 0.0252434 0.0319938 0.0301457 0.233684
2.421 0.0239188 0.0292439 0.027916 0.251108
1.442 0.0376576 0.0517876 0.0490556 0.299531
0.5115 0.0398404 0.0466562 0.0558053 0.11606
7.502 0.0222882 0.0383096 0.0229589 0.47444
6.815 0.0219953 0.0493322 0.0256821 0.499059
2.121 0.0293309 0.0377658 0.0354758 0.338155
6.195 0.0242502 0.0363343 0.0228515 0.566834
4.473 0.0218192 0.0263489 0.0195645 0.509078
6.589 0.0215549 0.040836 0.0229983 0.509578
1.351 0.0306262 0.0393558 0.0378131 0.255008
0.1584 0.0764255 0.0874797 0.103726 0.201634
0.3905 0.158108 0.184295 0.215981 0.356502
0.1887 0.0925552 0.111218 0.129122 0.215983
1.234 0.038129 0.0430449 0.0435739 0.331878
0.8282 0.0547349 0.0672747 0.0722786 0.274867
0.36 0.0671972 0.0810713 0.0904605 0.240137
0.9496 0.0704878 0.0849194 0.0918309 0.37874
1.765 0.037318 0.0735098 0.0466034 0.469397
1.102 0.030721 0.0382826 0.0365982 0.261755
2.604 0.0230781 0.0231633 0.0217358 0.313144
2.18 0.0326371 0.0555603 0.0405279 0.386655
3.3 0.0199124 0.0261572 0.0186292 0.444686
0.7118 0.0849072 0.099296 0.109969 0.402876
0.0182 0.159216 0.184878 0.219192 0.286017
3.011 0.0173739 0.017797 0.0167452 0.265959
0.5993 0.0922586 0.105872 0.12132 0.349077
0.8131 0.0590322 0.06913 0.0723683 0.396337
6.742 0.021808 0.0442522 0.0237836 0.493025
6.734 0.0198439 0.0309983 0.0191418 0.516105
0.7546 0.0674443 0.0888611 0.0902301 0.339243
1.818 0.0226509 0.0272088 0.0251033 0.258478
0.7845 0.0819416 0.104326 0.111547 0.314269
0.1751 0.104772 0.123258 0.144813 0.221283
4.68 0.0194563 0.0338545 0.0200644 0.435635
0.7489 0.068274 0.0794866 0.0852836 0.392955
3.8 0.0236406 0.0482897 0.0267263 0.473837
2.552 0.0247308 0.0284448 0.0288544 0.274474
2.835 0.0273102 0.048697 0.0352938 0.371919
3.5 0.0161198 0.0332847 0.0192744 0.332006
0.5328 0.0743999 0.0873327 0.0972771 0.318996
0.4938 0.081945 0.0962087 0.108227 0.306077
0.8033 0.05108 0.0729698 0.0696856 0.259124
0.3553 0.125623 0.147011 0.169066 0.359732
1.01 0.0357102 0.0380878 0.0407921 0.265434
0.06749 0.156491 0.183294 0.215899 0.290965
0.485 0.107143 0.134288 0.142233 0.431682
0.6876 0.133422 0.158441 0.183683 0.328088
6.909 0.0266292 0.0535086 0.0296093 0.534603
1.302 0.0355161 0.0410476 0.0480589 0.146609
3.061 0.0235519 0.0333765 0.0282041 0.324212
2.294 0.0234713 0.023893 0.022012 0.346922
0.02911 0.0677224 0.0782418 0.0950426 0.136089
3.842 0.0221138 0.0380632 0.0266145 0.347663
3.728 0.0157206 0.024903 0.0163281 0.395104
1.32 0.0384239 0.0533301 0.0536439 0.219255
0.2194 0.0318152 0.0410305 0.0428791 0.150969
3.129 0.0193522 0.0222503 0.0228457 0.247372
1.791 0.0255277 0.0295856 0.033317 0.177896
5.407 0.0212712 0.0337165 0.0220146 0.408668
2.3 0.0311131 0.041041 0.0338853 0.45345
1.38 0.0229477 0.0266489 0.0278113 0.205968
2.919 0.0169686 0.0222579 0.0177912 0.352689
6.629 0.0216158 0.0377068 0.021602 0.52173
1.012 0.0424967 0.0506924 0.0487818 0.404786
1.553 0.0421737 0.0518998 0.0513956 0.408575
3.783 0.0373254 0.081457 0.0470506 0.560434
0.7241 0.0574205 0.0656826 0.0716618 0.318209
0.9743 0.0295983 0.0356982 0.0412629 0.129083
4.598 0.0287169 0.0461995 0.0282256 0.590019
2.88 0.0266454 0.042501 0.0263104 0.565563
7.192 0.0313577 0.065197 0.0346427 0.595134
1.059 0.0574801 0.0691963 0.0728957 0.351935
1.16 0.0299856 0.051148 0.0391107 0.293453
1.761 0.0487207 0.0580719 0.0655431 0.239763
1.631 0.0392817 0.0473282 0.0528062 0.196082
2.261 0.0280087 0.031591 0.0290241 0.355554
2.661 0.0289083 0.0594201 0.0333511 0.454666
0.02516 0.175546 0.203794 0.240809 0.322623
5.248 0.0208376 0.0415881 0.0231338 0.473972
2.09 0.0282856 0.0338005 0.0368498 0.226528
0.5299 0.0668099 0.0814427 0.0859317 0.347776
4.729 0.0170585 0.0335597 0.0201877 0.362897
0.5993 0.0261022 0.039676 0.0366318 0.158177
5.144 0.0258396 0.0364899 0.0246731 0.491765
0.5596 0.10037 0.114366 0.130811 0.372038
0.1099 0.1014 0.117535 0.139988 0.206432
0.2506 0.179093 0.21041 0.245639 0.364822
3.352 0.0163237 0.0198644 0.0180979 0.273165
1.671 0.0361602 0.0434732 0.0389949 0.426539
6.978 0.0263478 0.0415227 0.0253367 0.56755
1.756 0.0365624 0.0442879 0.039725 0.439945
4.245 0.0300342 0.047245 0.0324382 0.476956
4.093 0.0289918 0.0607466 0.034554 0.517307
0.007286 0.186917 0.216749 0.256749 0.328224
3.391 0.0209645 0.0274527 0.0201338 0.375152
6.924 0.0296053 0.0566773 0.0304263 0.634112
0.6223 0.0813024 0.0941588 0.107324 0.308126
0.3026 0.049901 0.0579869 0.0704394 0.115902
0.2501 0.0860212 0.0988525 0.115592 0.253612
3.966 0.0274815 0.0439442 0.0293249 0.459901
0.5027 0.0946271 0.114465 0.124965 0.37874
1.053 0.0503199 0.0629535 0.0674318 0.246905
2.15 0.0339065 0.0530687 0.0482459 0.257375
7.38 0.0248418 0.0409669 0.0252845 0.498266
4.574 0.0229088 0.043635 0.0282269 0.392732
2.663 0.0169483 0.0194697 0.0188442 0.234997
0.801 0.0759596 0.103184 0.105186 0.352413
0.4421 0.0301072 0.0380888 0.0428998 0.113306
0.05373 0.11928 0.138429 0.164994 0.223123
0.2807 0.149859 0.18009 0.202949 0.409961
0.5402 0.0395319 0.0471101 0.0521772 0.184643
2.573 0.0231608 0.0480474 0.031254 0.345795
0.2724 0.138269 0.161115 0.190213 0.280102
2.997 0.0196378 0.0281243 0.0224064 0.284144
7.111 0.0268626 0.0476635 0.0285415 0.505659
0.3005 0.027277 0.030876 0.0373874 0.107537
5.18 0.0207732 0.0283271 0.0193533 0.459744
3.612 0.021534 0.0322861 0.0219707 0.408569
0.1024 0.151289 0.176573 0.208998 0.282964
4.758 0.0250451 0.0350256 0.023346 0.511608
6.998 0.0228947 0.0323819 0.0221076 0.459544
4.254 0.0211754 0.0371834 0.0224017 0.435087
0.4157 0.0354704 0.0554745 0.0511747 0.158794
6.658 0.0255067 0.0370899 0.0245948 0.517875
1.56 0.0427038 0.0571823 0.0545946 0.324361
3.035 0.0369269 0.0811806 0.0471317 0.550564
0.8241 0.0206003 0.0259329 0.0303917 0.0891651
0.7169 0.0725281 0.0923224 0.10187 0.223452
3.5 0.0264977 0.0515372 0.0292132 0.497438
0.1354 0.0409197 0.0540165 0.0585814 0.137455
1.521 0.0446692 0.0537997 0.0552673 0.326112
0.6169 0.083225 0.0969869 0.110033 0.311919
2.408 0.0301997 0.0457096 0.0344353 0.428741
2.563 0.0277701 0.0309801 0.0260789 0.455401
2.57 0.0152152 0.0194578 0.0173091 0.228968
1.676 0.0204865 0.0255947 0.0230103 0.225903
1.781 0.0214873 0.0270475 0.0238123 0.24107
0.2365 0.0774257 0.0895429 0.107345 0.16727
0.5158 0.130084 0.153033 0.176706 0.344637
2.108 0.0314325 0.04325 0.03877 0.380661
7.234 0.0234296 0.0501444 0.02641 0.533003
0.2231 0.116147 0.137906 0.160545 0.254289
1.546 0.026056 0.0327636 0.0315387 0.236003
3.018 0.0261925 0.0586063 0.0310778 0.505834
0.9946 0.042972 0.0511647 0.0526628 0.294638
2.792 0.0272564 0.0349699 0.028049 0.378405
0.04731 0.0778212 0.0902918 0.108997 0.151939
1.325 0.0282949 0.0541013 0.0396223 0.256106
2.258 0.0263266 0.0308803 0.0275548 0.345176
6.509 0.0227097 0.033891 0.0220983 0.493701
0.7733 0.0493271 0.0563547 0.0614897 0.295755
0.3532 0.0280605 0.0322289 0.0402449 0.0835597
0.9416 0.0357447 0.0455583 0.0508572 0.149076
4.807 0.019262 0.0295596 0.0206444 0.341825
0.1107 0.0377507 0.0432999 0.0525706 0.112472
1.594 0.0378697 0.0457226 0.0452724 0.393853
6.32 0.0238447 0.0321135 0.0221825 0.491779
0.6764 0.118904 0.138595 0.162939 0.287215
0.02981 0.220903 0.256903 0.302546 0.395819
6.955 0.0297689 0.0531999 0.0323151 0.525499
1.323 0.0228751 0.0265995 0.0306955 0.128569
4.069 0.0253403 0.0377486 0.0257177 0.429795
1.042 0.032734 0.0464779 0.045608 0.202334
7.373 0.0219053 0.0359086 0.0222545 0.460001
1.246 0.054709 0.0928522 0.0770715 0.394325
2.949 0.0224243 0.0335544 0.0223049 0.43821
1.036 0.0659702 0.0799738 0.0909478 0.215513
1.502 0.0354774 0.0473396 0.0422581 0.364076
0.7423 0.0456381 0.0537943 0.0552269 0.320693
6.973 0.0277376 0.0422458 0.0270367 0.546959
3.441 0.0138769 0.0224782 0.0154167 0.34559
2.029 0.0223887 0.030732 0.0254852 0.304432
1.256 0.0379906 0.0650646 0.051103 0.353724
0.4249 0.0500901 0.0693681 0.0714411 0.206012
2.442 0.0260925 0.0303218 0.0263074 0.368986
7.441 0.0285262 0.0514301 0.0297284 0.579923
0.4802 0.0274777 0.0314552 0.0383721 0.0969859
0.2265 0.0891486 0.104196 0.121998 0.223878
3.608 0.024242 0.0384818 0.0272626 0.385606
2.768 0.0266816 0.0326511 0.0267277 0.381314
3.701 0.0174837 0.0324085 0.0204316 0.381107
1.184 0.0499236 0.0830078 0.0693074 0.371013
0.7868 0.0574457 0.0694225 0.0809492 0.159505
2.757 0.0237411 0.0270143 0.0265875 0.29849
3.536 0.0258358 0.0480587 0.0294287 0.435165
4.552 0.0240301 0.0409612 0.0255454 0.449248
1.037 0.0750779 0.0907934 0.102998 0.247794
3.546 0.0318268 0.0755016 0.0383837 0.566471
3.132 0.0259401 0.0407194 0.0255654 0.523557
4.017 0.0236362 0.0500287 0.0261466 0.499951
1.891 0.0268365 0.038167 0.0318561 0.304028
0.3076 0.0269844 0.0319531 0.0349809 0.152157
0.5634 0.0415066 0.0497538 0.0537123 0.208254
1.136 0.0225733 0.0295199 0.0298963 0.152373
2.825 0.0308216 0.0654507 0.0385488 0.459845
4.679 0.0255495 0.040011 0.0270865 0.439175
2.023 0.0230653 0.0299333 0.0243119 0.312916
0.1287 0.132517 0.154849 0.182192 0.272567
0.1416 0.150418 0.177533 0.206539 0.312445
0.3492 0.128771 0.153898 0.173793 0.377622
4.046 0.0241031 0.0391877 0.0245115 0.490725
0.06609 0.174312 0.202976 0.239023 0.330988
1.041 0.0288381 0.0338729 0.039638 0.134099
1.487 0.0304326 0.0321653 0.0328325 0.340912
7.599 0.0232672 0.036762 0.0232742 0.481914
3.271 0.021501 0.024019 0.0197365 0.371703
1.69 0.0256525 0.0402797 0.032186 0.317821
1.221 0.045561 0.0718279 0.0619491 0.384908
6.535 0.0261243 0.0392299 0.0257251 0.497292
1.1 0.0694492 0.0915494 0.0943503 0.320749
4.463 0.0211772 0.0268974 0.0196617 0.436436
2.942 0.0274388 0.044686 0.0295958 0.482727
0.7503 0.0809668 0.0977879 0.105457 0.383818
0.6 0.104293 0.124092 0.142575 0.287925
7.754 0.0253493 0.0503593 0.0267938 0.565822
0.6503 0.118546 0.139562 0.161085 0.332198
2.899 0.0197571 0.0259455 0.0237462 0.267888
5.463 0.029178 0.0494546 0.0320567 0.482792
1.374 0.0362943 0.044621 0.0466812 0.239508
0.6573 0.0712207 0.0853349 0.0968108 0.230146
2.632 0.0239179 0.0277362 0.0224665 0.393054
0.4712 0.0273025 0.0338846 0.0375255 0.129347
0.3195 0.0774432 0.0917394 0.108279 0.172921
0.8471 0.0384826 0.0441183 0.0509302 0.166871
3.453 0.0212888 0.034507 0.0211772 0.476205
0.6029 0.0556597 0.0678685 0.0744633 0.229876
0.8061 0.0738664 0.104588 0.101333 0.391494
0.2426 0.0538513 0.0623642 0.0731416 0.164248
2.166 0.0282882 0.0353713 0.0296334 0.398469
3.952 0.0292496 0.050666 0.0297763 0.564872
2.989 0.0233427 0.0290557 0.0244322 0.340189
1.172 0.0395342 0.0549419 0.048997 0.332366
2.96 0.0270167 0.0456815 0.0284021 0.483409
0.4867 0.0997107 0.115971 0.13338 0.323255
1.09 0.0459364 0.0482549 0.0529124 0.317571
0.1901 0.0543703 0.0628472 0.0766153 0.119329
1.319 0.0188699 0.022822 0.0248495 0.142697
1.848 0.0326582 0.047853 0.0352982 0.484053
2.198 0.0294667 0.0408654 0.0321981 0.363494
0.3318 0.131997 0.154608 0.1783 0.35798
7.632 0.0191655 0.0314175 0.01858 0.510375
1.198 0.0213719 0.0281911 0.0285203 0.165784
5.331 0.0161782 0.0311521 0.01698 0.482087
0.4541 0.0926975 0.110294 0.125928 0.269178
2.534 0.0244671 0.0338825 0.0265167 0.404559
2.446 0.02588 0.0429147 0.0270146 0.492478
7.323 0.0217872 0.0413072 0.0227719 0.512805
0.3532 0.059591 0.0698935 0.0782525 0.235009
0.5685 0.0785841 0.111752 0.106549 0.352437
2.945 0.0247086 0.0294303 0.0224853 0.452003
1.321 0.0350143 0.0434573 0.0490585 0.142833
0.2564 0.0519873 0.0650686 0.0723762 0.169186
3.778 0.0174988 0.0298558 0.0182858 0.411744
4.721 0.0266991 0.0430964 0.0269482 0.5244
0.2459 0.142504 0.18029 0.19668 0.353547
6.641 0.0198601 0.0326463 0.0208213 0.418274
2.827 0.0247147 0.0305096 0.0257842 0.372539
5.523 0.0243507 0.0348562 0.0228801 0.534054
5.895 0.0279868 0.0451967 0.0289218 0.515959
0.2893 0.0785543 0.0927962 0.107689 0.217729
2.257 0.0239647 0.0252503 0.0238955 0.332077
6.054 0.0208193 0.0365147 0.0220421 0.431223
6.093 0.0218273 0.0283876 0.0204958 0.418065
2.732 0.013702 0.0243728 0.0180377 0.227859
0.2903 0.0485215 0.0558046 0.0639243 0.197603
1.014 0.0284622 0.0368317 0.0377037 0.177272
3.476 0.0185547 0.0247692 0.0177469 0.394046
4.667 0.0286723 0.0467093 0.0296155 0.489803
3.926 0.0272351 0.0460058 0.0301243 0.434304
0.05725 0.15061 0.174883 0.207659 0.272773
6.359 0.0222991 0.0506804 0.0260002 0.49982
2.396 0.030829 0.0529414 0.0388343 0.399044
2.045 0.0401813 0.0621669 0.0561055 0.313196
2.796 0.0178014 0.0274138 0.0196306 0.361158
3.194 0.0217338 0.0470477 0.0249018 0.421664
1.934 0.0210557 0.0228536 0.0242033 0.201686
2.108 0.0382764 0.0926385 0.0490235 0.589777
0.3792 0.0666784 0.0944392 0.0917777 0.265663
0.876 0.0421632 0.0491421 0.0585331 0.134731
3.399 0.027019 0.0319468 0.0256757 0.409051
7.962 0.0248181 0.043911 0.0255661 0.522396
7.654 0.0219998 0.0400454 0.0223855 0.53469
1.177 0.0534295 0.0620216 0.0669451 0.336302
2.824 0.0251975 0.0286555 0.025601 0.347134
6.421 0.0266619 0.0586612 0.0306934 0.577185
4.867 0.0195729 0.0463227 0.0227565 0.465554
1.502 0.0352268 0.0615283 0.0469667 0.351635
1.444 0.0258364 0.0365286 0.0295976 0.296061
0.3876 0.113513 0.13075 0.153105 0.302809
6.184 0.0269242 0.0410969 0.0260893 0.53943
0.5135 0.0430022 0.0496111 0.0555115 0.212132
4.251 0.0226542 0.0333308 0.0214359 0.483786
4.808 0.0239869 0.033966 0.022601 0.528719
0.2908 0.0314299 0.0362666 0.0434392 0.117326
3.222 0.0195443 0.0259301 0.0215627 0.274729
0.4875 0.0591167 0.0741687 0.079903 0.241367
0.2167 0.029656 0.0340409 0.0412727 0.104481
0.6365 0.0807939 0.102678 0.10651 0.371868
0.439 0.130522 0.156108 0.176631 0.38297
5.339 0.0298288 0.0641664 0.0358823 0.535287
0.02705 0.0801824 0.0931004 0.112182 0.157955
6.677 0.0265713 0.041539 0.0269574 0.483368
0.9666 0.0498317 0.0719271 0.0708322 0.211325
6.059 0.0250306 0.044958 0.0255917 0.563851
5.701 0.0278603 0.0409401 0.0265063 0.555918
2.844 0.0214496 0.0356947 0.0247542 0.364572
2.564 0.0262882 0.0305948 0.0255728 0.422922
1.378 0.0300316 0.0308771 0.0311125 0.327917
0.8256 0.0690143 0.0900591 0.0903507 0.401432
1.663 0.0515563 0.0626112 0.0682575 0.323289
7.153 0.0288443 0.0446849 0.0277911 0.582406
4.125 0.0166261 0.0414661 0.0211525 0.360228
5.933 0.0225357 0.0440876 0.0236232 0.505691
0.185 0.161355 0.194004 0.222764 0.329926
2.786 0.0207266 0.0257825 0.0255997 0.254328
2.492 0.0257016 0.0272324 0.0246125 0.399445
0.6375 0.106127 0.123158 0.14211 0.327389
3.38 0.0255549 0.0374039 0.027271 0.386921
3.026 0.0274894 0.0549543 0.0311503 0.486941
1.271 0.0473746 0.0546507 0.0604289 0.27257
3.627 0.0252941 0.0401071 0.0276865 0.410894
5.424 0.0225844 0.0318658 0.0216044 0.48047
4.855 0.0148459 0.0253367 0.0149222 0.435884
1.027 0.039397 0.051357 0.0543978 0.188759
6.375 0.0227389 0.0400837 0.0238675 0.478364
4.462 0.0169032 0.0216759 0.0159899 0.374022
5.982 0.0200648 0.0356889 0.0203763 0.485589
0.8217 0.0421632 0.0575269 0.0564208 0.273236
3.647 0.0220846 0.0272825 0.020317 0.53404
2.379 0.0219066 0.0310729 0.0257843 0.305792
1.854 0.0180077 0.0217132 0.0219274 0.178377
0.3869 0.163593 0.190133 0.224276 0.334984
2.642 0.0348147 0.0755922 0.0421715 0.519822
6.003 0.0248056 0.0427463 0.0247823 0.56998
6.353 0.025296 0.0548381 0.0291018 0.525828
7.81 0.0250766 0.0501971 0.0273922 0.557237
4.997 0.0188885 0.0311874 0.0193837 0.406567
4.004 0.023737 0.0400465 0.0231999 0.50781
0.03404 0.121796 0.142363 0.168597 0.232266
0.4803 0.110633 0.132426 0.149571 0.340875
1.872 0.0243052 0.0405808 0.0293369 0.309128
0.3354 0.117772 0.142967 0.160815 0.321775
3.663 0.0277299 0.0479404 0.031815 0.41097
6.271 0.0209209 0.0351208 0.0226972 0.411088
0.1122 0.0725065 0.0856457 0.100743 0.177844
6.236 0.0260413 0.0339813 0.0240071 0.51723
3.03 0.0226103 0.0329973 0.0247603 0.343263
3.2 0.018625 0.0238524 0.020935 0.320704
0.5554 0.0355973 0.0454627 0.0497584 0.138697
1.886 0.0273337 0.0297214 0.0272975 0.376454
0.3719 0.101376 0.118443 0.139721 0.22894
1.908 0.0255949 0.0427586 0.031694 0.303195
2.33 0.0167651 0.0213774 0.0210622 0.187806
0.182 0.0344752 0.0396065 0.046821 0.129019
3.834 0.029059 0.0413632 0.0270978 0.607702
7.588 0.0232186 0.0348061 0.0220463 0.560428
1.209 0.0554396 0.0783046 0.0756196 0.30586
4.415 0.026505 0.038475 0.0252641 0.555092
5.005 0.0144061 0.0275515 0.0152963 0.389571
0.4628 0.148762 0.172983 0.203217 0.331373
4.853 0.0237144 0.0417378 0.0256612 0.463116
2.608 0.0243274 0.043457 0.0264557 0.446508
2.427 0.017143 0.0317426 0.0227855 0.243661
0.9443 0.0495379 0.0576444 0.0605984 0.324692
0.202 0.139472 0.165538 0.192794 0.30485
4.42 0.0194719 0.0261362 0.0195379 0.336792
1.35 0.034525 0.0644239 0.0433049 0.395916
0.4644 0.111289 0.142527 0.1511 0.393453
0.3314 0.149612 0.176822 0.205888 0.334582
2.794 0.0217768 0.0241814 0.0204485 0.395858
3.891 0.0284711 0.0534982 0.0369424 0.407299
6.137 0.0253686 0.0377873 0.0243125 0.519222
1.277 0.0303207 0.0441249 0.0337632 0.380609
3.526 0.0212473 0.0217105 0.0195967 0.337027
0.5138 0.081722 0.106537 0.115002 0.233622
6.163 0.0198761 0.034484 0.0215673 0.393842
5.785 0.0224477 0.0312172 0.0211385 0.500482
1.706 0.0384058 0.0649711 0.0470414 0.442199
3.76 0.0287595 0.0406582 0.0293279 0.464934
2.547 0.0273533 0.0322052 0.0281541 0.380726
0.1237 0.113682 0.132821 0.15538 0.264254
0.7175 0.0771361 0.122562 0.109147 0.391981
0.8412 0.0600969 0.09356 0.0803796 0.370593
0.5623 0.0218316 0.0263026 0.0315368 0.0866708
0.03558 0.150372 0.174415 0.207094 0.272339
0.8855 0.0804874 0.0939485 0.106969 0.309752
0.7197 0.0541654 0.0658147 0.0746535 0.1841
5.296 0.0171955 0.0210433 0.0159559 0.37308
5.261 0.0220393 0.0422311 0.0240005 0.46887
6.793 0.0235545 0.0417427 0.0250646 0.483615
2.79 0.0228315 0.0287984 0.0267835 0.2677
1.079 0.0321945 0.0523197 0.0393734 0.316497
4.099 0.0288286 0.0459328 0.028535 0.574098
5.632 0.0281882 0.0476553 0.0286822 0.535993
0.5343 0.0430515 0.0521176 0.0602742 0.131655
0.1497 0.177833 0.210359 0.24551 0.358953
0.5706 0.0768148 0.0974473 0.104809 0.3083
4.84 0.0158159 0.0243338 0.0174 0.306546
5.571 0.0183186 0.0295374 0.0180263 0.506829
0.9573 0.029317 0.0371342 0.0390132 0.174452
0.3126 0.144454 0.170764 0.196485 0.368552
1.575 0.0408396 0.0512296 0.0547821 0.230202
0.06724 0.102324 0.118939 0.141928 0.196812
1.459 0.0543876 0.0708978 0.0721062 0.331252
4.174 0.0272173 0.0571092 0.0324258 0.497031
1.808 0.0374544 0.0490995 0.0461649 0.328777
2.527 0.0249926 0.025968 0.0228732 0.433746
2.069 0.0351291 0.058523 0.0458634 0.390247
6.124 0.0280499 0.0473936 0.0289969 0.531445
2.496 0.0271932 0.0464708 0.0378244 0.311158
1.817 0.0354313 0.0531617 0.0452004 0.335618
2.316 0.0282577 0.0310683 0.027116 0.424605
5.432 0.0288193 0.0384241 0.0272221 0.525211
0.8279 0.0455035 0.0675648 0.0576023 0.361247
1.783 0.0357781 0.0419194 0.0457362 0.22413
1.079 0.0382669 0.0577308 0.0516969 0.252276
0.07998 0.0487169 0.0570875 0.0691941 0.112761
0.6408 0.112415 0.135281 0.152618 0.342673
0.5462 0.102366 0.123828 0.137105 0.364507
1.083 0.0706066 0.0892854 0.096049 0.286008
3.996 0.0210101 0.0475144 0.0257746 0.405331
7.405 0.0223836 0.0436694 0.0244639 0.478951
0.0493 0.203607 0.236112 0.279046 0.365404
1.846 0.0324756 0.0604446 0.0447334 0.284851
0.4003 0.142547 0.167165 0.19338 0.36931
0.2099 0.0811268 0.0939821 0.111062 0.197761
0.53 0.0869043 0.102116 0.120336 0.206491
0.8872 0.0404988 0.0500796 0.0531171 0.226649
0.661 0.0577612 0.0705086 0.0805984 0.17441
0.6462 0.101039 0.120757 0.135963 0.361856
1.178 0.0346161 0.0472443 0.0427693 0.296161
0.2774 0.154563 0.184301 0.20986 0.398974
1.067 0.0363565 0.0490247 0.0475484 0.235999
6.354 0.0261218 0.05205 0.0273614 0.617713
2.653 0.0180515 0.0252518 0.0225469 0.26234
5.671 0.0243265 0.0395196 0.0237205 0.566017
7.91 0.0204845 0.0383364 0.0215166 0.509088
3.712 0.0208813 0.0264936 0.0195405 0.412993
6.126 0.0275863 0.0497906 0.0316557 0.454249
4.58 0.0231623 0.0400067 0.0267065 0.390829
1.41 0.0286713 0.0315537 0.0312002 0.285688
2.281 0.0263465 0.0275603 0.025007 0.366661
0.1953 0.113102 0.131898 0.15349 0.28885
1.525 0.0458222 0.0648255 0.0632017 0.306096
4.63 0.0207835 0.0335578 0.0216389 0.412566
0.6277 0.0896924 0.126078 0.123851 0.333239
3.681 0.0195275 0.0253369 0.0191938 0.340977
6.343 0.0200151 0.0321065 0.0204022 0.420745
0.5841 0.0673316 0.0778954 0.0914756 0.201245
0.5653 0.106719 0.137139 0.144193 0.440183
2.736 0.0289403 0.0383579 0.0284626 0.49238
0.5488 0.0286412 0.0304391 0.0337804 0.185758
4.281 0.0257222 0.0556932 0.0316942 0.449542
5.101 0.0221058 0.0354265 0.0224018 0.465676
4.077 0.0265486 0.0466749 0.0277014 0.509621
0.1055 0.115973 0.134518 0.159852 0.229422
0.2664 0.142423 0.165869 0.194482 0.314178
4.051 0.0137821 0.0194036 0.0147765 0.275992
7.034 0.0200099 0.0296827 0.0193849 0.432712
7.061 0.0271336 0.0403789 0.0258634 0.552107
4.64 0.0272777 0.0374521 0.0259376 0.518686
2.575 0.0233839 0.0299555 0.0224226 0.426553
2.842 0.0257347 0.0377925 0.0267569 0.41395
1.389 0.0429025 0.050425 0.0569566 0.214601
0.8912 0.0632203 0.0839422 0.0819012 0.382883
1.943 0.0252242 0.0431755 0.0353524 0.234216
1.932 0.0250616 0.0428906 0.0275927 0.390979
0.2581 0.0273994 0.0301494 0.03712 0.105481
3.279 0.0254239 0.0384909 0.0260865 0.433136
0.7739 0.0465911 0.0549172 0.0601225 0.255484
7.047 0.0189376 0.0268812 0.0182782 0.400495
0.8194 0.0816401 0.0963268 0.109773 0.29077
3.033 0.0171063 0.0243906 0.0186479 0.290459
0.218 0.109944 0.128819 0.149949 0.270071
1.919 0.0310634 0.0508018 0.0336448 0.461253
1.204 0.0335621 0.0409362 0.0392399 0.309718
1.649 0.0223796 0.0268575 0.0297871 0.1482
1.03 0.0386885 0.0503361 0.0471046 0.321057
5.75 0.0313541 0.0641548 0.0341528 0.634034
0.9704 0.0439399 0.048541 0.0538864 0.254146
2.975 0.024235 0.0333404 0.023922 0.502473
7.814 0.0266534 0.0404472 0.0259815 0.536773
1.804 0.0287647 0.029674 0.0269221 0.409802
2.126 0.0442905 0.0555666 0.060559 0.235099
1.051 0.038507 0.0431625 0.0465283 0.272657
0.4308 0.109952 0.131854 0.146856 0.370232
5.66 0.0238877 0.0336339 0.0233498 0.440838
1.635 0.0361048 0.0498254 0.0443572 0.34624
0.5678 0.0517639 0.0658362 0.0676767 0.261315
7.453 0.021304 0.0378363 0.0213041 0.550345
1.03 0.0761609 0.0954458 0.103525 0.317003
4.584 0.0154461 0.0303925 0.0167639 0.407282
1.122 0.0402375 0.0492605 0.046187 0.390724
3.039 0.0265776 0.034294 0.0266349 0.415255
0.1493 0.165122 0.191842 0.227045 0.306202
1.085 0.0382195 0.0482082 0.0481822 0.26993
5.769 0.0274083 0.0518397 0.0281214 0.593289
0.1339 0.0650816 0.075358 0.0912994 0.135588
0.104 0.0672678 0.0785322 0.0925557 0.175519
1.059 0.0364136 0.0473467 0.0482176 0.220623
2.651 0.013575 0.0174719 0.0151497 0.261656
0.09777 0.19574 0.229517 0.268186 0.380727
0.2458 0.113107 0.140588 0.158452 0.303956
1.061 0.0505929 0.0565543 0.0647325 0.248437
0.1434 0.103692 0.120532 0.142698 0.223894
4.691 0.0250184 0.0360123 0.025782 0.423481
3.388 0.0311095 0.0733711 0.0394108 0.544695
2.725 0.0229511 0.0270052 0.024413 0.318045
2.331 0.0305051 0.0584497 0.0351723 0.465859
4.701 0.0257818 0.0371186 0.0241412 0.551029
0.2878 0.100182 0.12055 0.138197 0.255458
3.185 0.0246894 0.0380422 0.0242356 0.482138
1.29 0.0693961 0.112276 0.0972369 0.363264
1.757 0.0261502 0.0317426 0.0312083 0.237067
4.286 0.0216575 0.0267926 0.0197212 0.456341
2.41 0.030079 0.0354731 0.0282126 0.491793
7.689 0.0250891 0.0497476 0.0264069 0.615203
4.402 0.0293734 0.0402087 0.029735 0.423618
0.2153 0.117801 0.141973 0.163897 0.279253
7.849 0.0251536 0.0417422 0.024487 0.608225
4.544 0.0293989 0.045572 0.0289665 0.542801
0.5127 0.0568447 0.0667067 0.0745753 0.242862
4.475 0.0232308 0.0400627 0.0252719 0.449894
1.638 0.024931 0.0309021 0.0301679 0.260195
4.394 0.0243456 0.042381 0.0252464 0.502817
0.8341 0.0642611 0.0903154 0.0893064 0.28208
0.3981 0.0438712 0.0504481 0.0612232 0.116819
2.776 0.0157175 0.0226905 0.01763 0.272012
6.56 0.0260089 0.042701 0.0255703 0.589359
0.2762 0.106977 0.136939 0.148918 0.319224
5.693 0.0186706 0.0350981 0.0213197 0.383974
7.172 0.0220758 0.0446481 0.0243704 0.500646
2.177 0.0299473 0.0490778 0.0394084 0.334591
2.885 0.0207266 0.032291 0.0233742 0.346543
0.2098 0.185102 0.216437 0.253673 0.369477
2.185 0.0249234 0.0288254 0.0298523 0.233697
5.677 0.0286873 0.0460747 0.0274432 0.613275
5.52 0.0215775 0.0341837 0.0219598 0.423113
1.586 0.0328577 0.036942 0.0337922 0.434807
0.3842 0.0800759 0.105074 0.111106 0.274552
1.502 0.0276212 0.0488839 0.033876 0.330474
6.616 0.0245022 0.0455324 0.0265033 0.514986
1.101 0.0569732 0.0670617 0.0699321 0.377512
1.609 0.0354692 0.0631106 0.0469616 0.345355
5.411 0.0230391 0.0372881 0.0246113 0.421789
0.8745 0.046603 0.0547095 0.063993 0.15348
0.165 0.0803475 0.0998622 0.110279 0.225432
3.061 0.0216406 0.0232858 0.0200796 0.365412
2.212 0.0316832 0.0604071 0.0408755 0.417908
3.653 0.0186947 0.0364164 0.0253041 0.294484
2.292 0.0235119 0.050854 0.0283356 0.393975
2.034 0.0354636 0.0460011 0.0440037 0.318302
1.857 0.0280468 0.0367899 0.0366501 0.258729
0.02319 0.0780042 0.0916366 0.109173 0.15888
0.9916 0.0347305 0.0588622 0.0423134 0.327184
3.444 0.0187891 0.0241304 0.0180326 0.375003
5.182 0.0265275 0.0584256 0.0312996 0.50299
