1.834 0.045183 0.0554731 0.0589117 0.339401 
0.2029 0.0250913 0.0287351 0.0356398 0.0916224 
2.153 0.027145 0.0334814 0.0312687 0.291714 
0.2566 0.151688 0.178153 0.206376 0.363436 
2.135 0.0302317 0.0458514 0.036274 0.369494 
3.014 0.0165028 0.0253321 0.0206698 0.25433 
1.07 0.0419518 0.047251 0.0499243 0.308192 
0.5107 0.128439 0.153536 0.176443 0.330031 
0.0664 0.126424 0.146723 0.173758 0.252687 
0.3936 0.0984547 0.114419 0.133618 0.259987 
0.8297 0.042025 0.0495918 0.0512183 0.28754 
3.401 0.0175596 0.0216286 0.0173329 0.304768 
7.963 0.02434 0.0423733 0.0246832 0.560305 
2.582 0.0267351 0.0607909 0.0333774 0.403397 
0.9158 0.0431988 0.0523851 0.0592875 0.169578 
0.7019 0.0342674 0.0481609 0.0455908 0.193021 
2.482 0.0257983 0.0651198 0.035837 0.363429 
6.229 0.0272279 0.0445452 0.0278841 0.518774 
1.773 0.0351129 0.0556549 0.041248 0.420823 
0.1574 0.103739 0.123504 0.144466 0.214731 
3.008 0.0203615 0.030314 0.0253805 0.274697 
0.1597 0.151035 0.180359 0.206728 0.335435 
0.04062 0.184239 0.213436 0.252195 0.343325 
1.572 0.0360464 0.0423498 0.0387205 0.396525 
1.091 0.0621912 0.0729912 0.0836865 0.242821 
1.417 0.0273812 0.0308292 0.0305436 0.288049 
3.92 0.0199377 0.0296056 0.0216198 0.341072 
5.153 0.0295284 0.0590282 0.0315268 0.63544 
1.242 0.0397649 0.043551 0.0456532 0.318286 
6.861 0.0274182 0.0407199 0.0259018 0.578886 
2.886 0.0317228 0.0455126 0.0337713 0.459817 
0.4931 0.153004 0.178879 0.20977 0.341955 
1.228 0.0252052 0.0314171 0.0270333 0.303916 
0.7532 0.0480879 0.0524632 0.0576486 0.310056 
0.8208 0.0431319 0.0509735 0.055122 0.244754 
4.654 0.0257987 0.0430024 0.0257042 0.521657 
0.5283 0.0882925 0.106793 0.118852 0.306777 
7.172 0.0231845 0.0415558 0.0244889 0.48102 
2.09 0.0252256 0.035976 0.0331744 0.235134 
0.7457 0.0761699 0.0941284 0.100365 0.358857 
1.611 0.0294131 0.0565401 0.0407998 0.307818 
3.226 0.0140451 0.0218202 0.0159102 0.256066 
0.5733 0.0573221 0.0730622 0.0733395 0.308445 
0.9832 0.0236249 0.0282507 0.0313207 0.141313 
5.58 0.0216395 0.0432177 0.0251952 0.433124 
4.039 0.0239884 0.0300858 0.0226092 0.411132 
0.8977 0.0771731 0.0929967 0.106978 0.232706 
4.431 0.020987 0.043441 0.0237593 0.432399 
0.9974 0.0498811 0.0596906 0.0634543 0.301117 
7.627 0.0247596 0.0373695 0.0238656 0.522579 
0.7666 0.047405 0.055155 0.0593076 0.27064 
5.543 0.0220769 0.0405211 0.0244316 0.442373 
0.1219 0.160988 0.187049 0.220845 0.311517 
3.53 0.016098 0.019997 0.0166955 0.323254 
7.618 0.0243669 0.0512033 0.0275459 0.52157 
6.568 0.0258209 0.0560883 0.0285096 0.615106 
2.222 0.03439 0.0455 0.0450301 0.325825 
0.6674 0.0380311 0.0435561 0.0503858 0.165955 
3.549 0.0203086 0.0259181 0.0208162 0.370689 
6.104 0.0186894 0.0284564 0.0188403 0.386289 
0.08501 0.170277 0.201034 0.23382 0.332858 
1.343 0.0561969 0.0995294 0.0783982 0.427058 
0.4038 0.133461 0.157791 0.184966 0.291802 
3.161 0.0237386 0.0454661 0.0326963 0.346995 
3.809 0.0240944 0.0366328 0.0260737 0.392055 
6.274 0.0258261 0.042025 0.0257595 0.548879 
1.145 0.0362841 0.0485883 0.0476792 0.247174 
2.541 0.0249482 0.0456811 0.0313204 0.341712 
2.032 0.0327589 0.0350673 0.0328091 0.374364 
0.3105 0.0834395 0.098308 0.111495 0.277066 
1.952 0.0310744 0.0422639 0.0319234 0.447085 
1.669 0.0285122 0.038186 0.0309441 0.37805 
6.116 0.022782 0.0455178 0.0244462 0.511671 
1.871 0.0277032 0.0465648 0.0304013 0.411909 
3.659 0.0255058 0.0307147 0.0237734 0.439464 
1.363 0.029876 0.0415422 0.0350166 0.32931 
0.7612 0.0489427 0.0591178 0.0649114 0.215079 
0.3065 0.142167 0.167596 0.19355 0.354963 
1.416 0.0472938 0.0674349 0.0607787 0.37382 
6.733 0.0233953 0.0408676 0.0234769 0.550761 
0.5033 0.064714 0.0768775 0.0882178 0.208502 
3.358 0.0259305 0.0487598 0.0319735 0.3821 
1.353 0.0592316 0.0767374 0.0786638 0.338078 
3.625 0.024542 0.035033 0.0233806 0.521328 
1.978 0.0314631 0.0413908 0.0368972 0.346265 
0.2821 0.049528 0.0587576 0.0697879 0.128269 
3.281 0.016605 0.0315762 0.0228464 0.2773 
0.07808 0.199125 0.232579 0.272223 0.390783 
0.7021 0.0788089 0.103343 0.106923 0.323675 
2.534 0.0262378 0.0351929 0.0289363 0.454241 
0.2934 0.0339998 0.0407264 0.0462594 0.141429 
2.71 0.0285855 0.0453944 0.0305016 0.479039 
0.8653 0.0535695 0.0693572 0.0696559 0.310877 
0.3852 0.0872352 0.106673 0.120842 0.263732 
3.216 0.029492 0.0610704 0.0334359 0.552446 
2.267 0.0308553 0.0468719 0.0324504 0.504319 
3.219 0.0221259 0.0351219 0.0269651 0.334943 
1.475 0.0390767 0.052749 0.0459862 0.395955 
4.331 0.0231551 0.0342567 0.0244385 0.389014 
0.9647 0.038402 0.0494881 0.0471528 0.295704 
2.314 0.021184 0.035906 0.0241555 0.344942 
1.468 0.0392759 0.0504147 0.0504448 0.299449 
1.46 0.0438892 0.0523362 0.0494892 0.438512 
3.129 0.024421 0.0500062 0.0268704 0.523275 
0.2687 0.0554177 0.0633661 0.0747568 0.180287 
0.02319 0.0363003 0.0426112 0.0526859 0.0868023 
0.9668 0.0693227 0.0812375 0.0891189 0.382984 
1.377 0.04153 0.0495366 0.0503347 0.328942 
3.43 0.0254701 0.0396248 0.0269544 0.411447 
2.525 0.0293725 0.0542954 0.0360641 0.423195 
4.831 0.0283668 0.0412178 0.0283006 0.481517 
2.887 0.021137 0.0372762 0.030463 0.253491 
0.1529 0.109486 0.126776 0.148835 0.268534 
3.104 0.0190027 0.0260668 0.0232994 0.248457 
1.769 0.0399406 0.048923 0.0523796 0.264771 
0.9829 0.0733235 0.0892352 0.0949047 0.374363 
7.13 0.028655 0.0433207 0.0279023 0.545257 
6.252 0.0317004 0.0624604 0.0358938 0.549179 
0.6489 0.0598661 0.075887 0.0806512 0.251384 
1.821 0.0294039 0.0413143 0.0339018 0.356859 
2.913 0.0268767 0.0424341 0.0260253 0.587488 
3.708 0.0170254 0.0220926 0.0162992 0.33965 
1.293 0.0848588 0.106585 0.11653 0.344275 
4.707 0.0180173 0.030801 0.0198087 0.369128 
6.029 0.0198058 0.0386854 0.0205972 0.557687 
5.839 0.0287564 0.0527095 0.0313907 0.526817 
6.363 0.0282814 0.056568 0.0299913 0.591286 
0.9379 0.0579998 0.0657493 0.0713887 0.350117 
7.616 0.0222586 0.0334547 0.0217569 0.468008 
1.354 0.0324352 0.0488318 0.0380273 0.338886 
0.03436 0.1029 0.11919 0.142842 0.193045  
0.3559 0.0318525 0.037375 0.0450627 0.104851 
1.168 0.0625326 0.0740839 0.0829883 0.294086 
1.926 0.0270401 0.0583142 0.0360039 0.338361 
0.256 0.124872 0.144782 0.170537 0.279847 
1.601 0.0310215 0.0389301 0.0347938 0.335623 
0.7737 0.106361 0.144076 0.148241 0.346167 
7.475 0.0267629 0.0438375 0.0261572 0.589104 
6.152 0.023949 0.0432979 0.0257908 0.485652 
0.7008 0.0258635 0.0299382 0.0345833 0.126407 
1.983 0.0210322 0.0431094 0.0272095 0.311741 
3.137 0.0253872 0.0269586 0.0228843 0.450217 
2.467 0.023509 0.036649 0.0240463 0.470322 
1.534 0.0388659 0.0575791 0.0541178 0.285578 
0.5745 0.0610378 0.0988823 0.0863759 0.310263 
0.1543 0.060211 0.0699274 0.0846488 0.131521 
1.644 0.0350752 0.039534 0.0412762 0.32135 
0.6356 0.0424095 0.0557015 0.0606925 0.154318 
3.753 0.0211631 0.0274521 0.0207113 0.349613 
3.987 0.0222134 0.0409553 0.0247647 0.464559 
0.542 0.0827036 0.0964853 0.114248 0.206146 
1.092 0.0220762 0.0306504 0.0299134 0.159034 
0.6735 0.0476314 0.0746721 0.0628056 0.308994 
1.128 0.0510592 0.0622558 0.0708679 0.189797 
0.8845 0.0436653 0.0517187 0.0547018 0.280688 
1.764 0.0354865 0.0451063 0.0423169 0.367661 
4.29 0.0247413 0.0284727 0.0231072 0.415656 
0.1483 0.116333 0.135139 0.159851 0.245939 
6.275 0.0187153 0.0312396 0.018731 0.455341 
0.1508 0.0831919 0.0955568 0.113037 0.214545 
3.555 0.0229558 0.0291028 0.0221973 0.382006 
5.326 0.018778 0.0311651 0.0200938 0.399018 
3.587 0.0199494 0.0227508 0.0199567 0.340503 
5.257 0.0201084 0.0436759 0.022149 0.533524 
1.901 0.0272688 0.0444263 0.0370523 0.267554 
5.861 0.0179186 0.0306446 0.0178234 0.468018 
4.749 0.0272058 0.0520809 0.0299825 0.539511 
0.6698 0.0270546 0.0348048 0.0322304 0.250145 
0.8582 0.0723102 0.101632 0.0983492 0.371391 
3.184 0.0210408 0.0383397 0.0276058 0.339616 
0.9002 0.100347 0.11785 0.137569 0.283388 
5.141 0.0254006 0.0361007 0.0243408 0.491703 
1.006 0.0487968 0.05698 0.0583968 0.335882 
1.223 0.0405511 0.0496305 0.054061 0.208668 
0.9954 0.0429192 0.0539862 0.0602731 0.162955 
1.441 0.0415595 0.0650416 0.0588189 0.296882 
2.656 0.023397 0.0317298 0.0267483 0.353335 
1.658 0.0309616 0.0666008 0.0407367 0.38901 
0.1557 0.0415235 0.0491027 0.0590777 0.111536 
0.821 0.0473746 0.0747491 0.0600787 0.375304 
1.942 0.0291208 0.0387243 0.0297965 0.422192 
0.8136 0.0632634 0.100957 0.0869733 0.378592 
0.2774 0.0661498 0.090832 0.0922542 0.235108 
4.323 0.0161154 0.0225604 0.0155719 0.411303 
1.603 0.0381414 0.0488241 0.0495836 0.262001 
4.842 0.0231886 0.0351855 0.0224931 0.520856 
2.481 0.0243645 0.0285151 0.0279543 0.3073 
1.381 0.0486096 0.0656852 0.0606777 0.395906 
0.08225 0.179296 0.207739 0.245515 0.339075 
0.02234 0.216087 0.250401 0.295853 0.38357 
0.7611 0.0839514 0.110755 0.111847 0.413971 
2.105 0.0280433 0.0492614 0.0354937 0.351408 
1.227 0.0428413 0.0501232 0.0490425 0.381961 
0.5049 0.0378001 0.0443878 0.0504723 0.159421 
1.498 0.0231165 0.0283229 0.0253558 0.253506 
1.287 0.0468415 0.0702591 0.062792 0.333795 
0.06617 0.155144 0.181412 0.213506 0.29348 
2.389 0.0166112 0.0251643 0.0219508 0.20959 
0.9088 0.0300235 0.031824 0.0333168 0.235923 
6.778 0.0268949 0.0534769 0.0303027 0.507141 
5.257 0.0258767 0.033415 0.0237225 0.502898 
0.2731 0.0943936 0.117461 0.130834 0.239041 
2.775 0.018166 0.0225299 0.0210826 0.259151 
5.72 0.0228674 0.0387203 0.0235245 0.492294 
6.615 0.0305316 0.067491 0.0349624 0.616189 
0.6696 0.0897673 0.106254 0.123581 0.248471 
0.8716 0.0825811 0.10262 0.109719 0.386672 
0.9932 0.0481464 0.0567839 0.0662311 0.173968 
3.948 0.0242421 0.0299339 0.0228292 0.419388 
1.195 0.0314784 0.0412053 0.0427604 0.194969 
3.128 0.0279475 0.0504089 0.0299258 0.53086 
2.488 0.0201614 0.0264666 0.0230434 0.260096 
0.2136 0.0884569 0.106162 0.121163 0.23609 
2.043 0.0243727 0.0304851 0.0259348 0.342284 
4.201 0.0270875 0.0414693 0.0269329 0.512328 
0.3235 0.09482 0.112591 0.127843 0.289138 
1.181 0.0422731 0.0704152 0.0600895 0.259352 
6.549 0.0201014 0.0361445 0.0216193 0.431732 
3.045 0.0176531 0.0233465 0.0207076 0.336149 
0.3472 0.0510266 0.0662979 0.0703819 0.187271 
1.738 0.0264784 0.0258218 0.0265835 0.292223 
5.753 0.0170558 0.0233689 0.0161487 0.391997 
1.517 0.0385092 0.047553 0.0469214 0.316402 
4.202 0.0206094 0.030154 0.0204853 0.40719 
3.529 0.0252766 0.0453584 0.0276223 0.450044 
0.7367 0.0636446 0.0746054 0.0831303 0.277243 
1.385 0.0492663 0.079002 0.0628778 0.462478 
0.9133 0.104826 0.135197 0.147282 0.32035 
4.442 0.0303794 0.0618926 0.0325613 0.640149 
1.066 0.0557174 0.0808983 0.0699847 0.47775 
7.612 0.0248738 0.0464628 0.0258639 0.554254 
6.009 0.0218278 0.033344 0.0209804 0.498228 
3.158 0.0337266 0.0629525 0.0393303 0.491624 
6.667 0.0249025 0.0541103 0.0284062 0.538844 
2.021 0.0251362 0.0273164 0.0254864 0.317353 
3.586 0.0272961 0.0417443 0.0299138 0.404948 
2.545 0.0246175 0.0472418 0.0289419 0.392221 
5.189 0.0172329 0.0342969 0.021395 0.33493 
1.332 0.0440641 0.0651103 0.0573987 0.363821 
3.704 0.0191984 0.0216246 0.0184923 0.343056 
5.88 0.0251718 0.0514489 0.0274241 0.534932 
3.327 0.025073 0.0340766 0.0244076 0.443972 
7.32 0.022883 0.0400023 0.022581 0.594631 
7.265 0.0254169 0.0374899 0.0245249 0.523737 
1.479 0.0382117 0.0492687 0.045233 0.362005 
7.81 0.023502 0.0425631 0.0238458 0.56074 
1.775 0.0257717 0.038121 0.0357335 0.197368 
3.963 0.02729 0.0326103 0.0260827 0.403586 
1.154 0.0533633 0.067149 0.0670154 0.379682 
0.4394 0.0421555 0.0516134 0.0580769 0.160929 
2.072 0.0319913 0.0705448 0.0398286 0.497534 
4.655 0.0241235 0.0283996 0.0220619 0.42275 
0.1504 0.108828 0.128859 0.148899 0.260972 
0.7751 0.0690319 0.131895 0.0975739 0.382927 
4.454 0.0297963 0.0466702 0.033405 0.44173 
4.04 0.0252591 0.0565352 0.0290664 0.536109 
1.459 0.0627758 0.086327 0.0858244 0.351616 
0.3968 0.0998962 0.118552 0.139841 0.219586 
0.1267 0.122533 0.143163 0.170066 0.234099 
1.535 0.0307909 0.0372984 0.0320529 0.383751 
0.3049 0.0575837 0.0656914 0.0762008 0.209977 
2.473 0.0307593 0.0399274 0.0293431 0.50359 
4.693 0.0290305 0.0476566 0.0283395 0.613064 
0.336 0.0317565 0.0380951 0.0430184 0.135355 
1.031 0.0657128 0.0823532 0.0923374 0.219289 
5.325 0.0245024 0.0495912 0.0267646 0.555348 
0.1624 0.157448 0.185367 0.217302 0.311375 
5.681 0.017988 0.0290284 0.0194461 0.360105 
2.893 0.0319544 0.0526993 0.0361862 0.469094 
0.5176 0.0771461 0.108075 0.1085 0.306336 
0.2971 0.171341 0.20113 0.23576 0.349874 
2.344 0.0178327 0.0306821 0.0211454 0.270353 
5.961 0.019696 0.0337212 0.0206382 0.423002 
1.889 0.0296653 0.0504417 0.0340491 0.436364 
0.8069 0.0792893 0.0956381 0.110032 0.230301 
1.78 0.0337226 0.0558604 0.0444532 0.32429 
1.186 0.040028 0.0537251 0.0497183 0.331902 
4.463 0.0236869 0.0395947 0.0235776 0.548282 
2.024 0.0164712 0.0192164 0.0185997 0.220701 
1.076 0.0492424 0.0596626 0.065639 0.244921 
5.501 0.0186369 0.0327643 0.0185608 0.520057 
7.028 0.0248592 0.0360391 0.0237168 0.508312 
6.156 0.0236231 0.045829 0.0251964 0.535696 
4.759 0.0262855 0.0519222 0.0297181 0.507239 
1.082 0.0268761 0.0440214 0.0335098 0.276721 
4.834 0.0193355 0.0265091 0.0180224 0.509429 
3.802 0.0190368 0.0214926 0.0185271 0.310711 
1.99 0.0286107 0.0427438 0.0395331 0.229541 
3.52 0.017985 0.0347884 0.0218071 0.36267 
1.215 0.0418436 0.0798369 0.0594016 0.381245 
2.102 0.0273195 0.0396785 0.0323263 0.341401 
0.3863 0.0734593 0.0839185 0.0980206 0.226281 
6.81 0.0269974 0.0446255 0.0280425 0.505928 
1.973 0.032746 0.0584244 0.0371865 0.458264 
0.7386 0.0471338 0.0802389 0.0631705 0.360517 
3.155 0.0284858 0.0291235 0.0254797 0.454949 
7.31 0.0229043 0.0424494 0.0242597 0.487978 
5.097 0.0265468 0.0313031 0.023869 0.515762 
6.845 0.0214572 0.034196 0.0210644 0.490088 
4.263 0.0185281 0.0217605 0.0172724 0.346395 
4.229 0.0204819 0.0264688 0.0197006 0.357214 
0.4777 0.0642677 0.0753102 0.0853445 0.244336 
1.904 0.0247719 0.0290913 0.0271573 0.286009 
0.7068 0.0491544 0.0746427 0.0654922 0.294685 
0.2008 0.0886283 0.104307 0.123416 0.187535 
1.057 0.0608783 0.0755217 0.0756074 0.405774 
3.335 0.0212639 0.0284598 0.0206939 0.382993 
1.734 0.032342 0.0599224 0.0364154 0.478212 
0.2349 0.172407 0.20147 0.236839 0.342117 
5.864 0.0210073 0.0397739 0.0252258 0.38081 
0.03682 0.0431999 0.0499117 0.0619134 0.0959301 
0.5082 0.0995355 0.120768 0.135187 0.353026 
0.3469 0.125837 0.147682 0.170663 0.333887 
4.58 0.0230571 0.0431574 0.028141 0.385688 
2.563 0.0222118 0.026834 0.027051 0.244831 
2.775 0.0247798 0.0426004 0.0266798 0.428215 
2.746 0.023674 0.033399 0.0249151 0.368432 
0.6913 0.0946067 0.129785 0.130068 0.436636 
4.953 0.0175086 0.030467 0.0182722 0.42963 
0.9163 0.0344777 0.0428766 0.0410527 0.27583 
1.594 0.0583752 0.0796956 0.0800781 0.321264 
1.044 0.0329997 0.0465251 0.0415589 0.280214 
1.85 0.0361723 0.0524179 0.0388835 0.503197 
2.488 0.0216187 0.029438 0.0236271 0.395382 
0.5755 0.0529894 0.0622508 0.0704249 0.219718 
1.636 0.0224391 0.0265346 0.0265546 0.247352 
1.098 0.0371319 0.0438138 0.0503018 0.163511 
2.628 0.0222733 0.0389739 0.031431 0.275077 
2.646 0.0231659 0.040789 0.0261819 0.404217 
5.301 0.022825 0.0359366 0.0239539 0.419314 
4.987 0.0255657 0.0420682 0.0255179 0.545486 
7.42 0.0258547 0.0439921 0.0260489 0.546174 
2.79 0.0266005 0.0485893 0.0293155 0.437314 
1.268 0.0580547 0.0768904 0.07909 0.284766 
6.547 0.0200701 0.032709 0.0207422 0.411336 
2.893 0.0354271 0.0794916 0.0453254 0.555295 
3.351 0.027772 0.0290077 0.0253125 0.419666 
1.936 0.0277541 0.0333264 0.0322122 0.302694 
0.5908 0.106822 0.13627 0.147292 0.365843 
2.478 0.0260108 0.0446793 0.0285294 0.457008 
3.245 0.0289955 0.0513009 0.0297785 0.602425 
6.917 0.0205758 0.038387 0.0222597 0.448037 
0.3713 0.122754 0.141985 0.16542 0.325739 
5.129 0.0168723 0.025733 0.0175386 0.342005 
1.014 0.0862809 0.107321 0.118226 0.319669 
5.237 0.0184916 0.0248746 0.0176073 0.392859 
5.202 0.0192665 0.028609 0.0181932 0.506714 
1.054 0.0539854 0.0671017 0.070489 0.32575 
0.5336 0.0831114 0.0977677 0.111581 0.280403 
0.1053 0.125522 0.146003 0.173575 0.23768 
0.2675 0.131428 0.172243 0.183619 0.34619 
2.573 0.0304158 0.0518676 0.0322404 0.497857 
1.863 0.0314112 0.0371462 0.0321936 0.470876 
0.3597 0.131946 0.156343 0.180608 0.3292 
0.3562 0.0416881 0.0516812 0.0597672 0.115957 
6.93 0.0181078 0.0276957 0.0179141 0.426592 
0.7843 0.0596717 0.076065 0.0820904 0.221381 
5.774 0.0175283 0.0226679 0.0163819 0.375956 
0.9317 0.0473017 0.0556037 0.0619691 0.241439 
2.948 0.0268884 0.0419894 0.0312219 0.401694 
3.388 0.0195594 0.0267734 0.0208606 0.332546 
1.907 0.0245607 0.0319567 0.0243405 0.374674 
2.334 0.0197472 0.0360242 0.0235092 0.305609 
0.348 0.135548 0.163802 0.185959 0.345158 
0.5328 0.0468269 0.0576969 0.0616962 0.232359 
0.4283 0.0910492 0.10547 0.120327 0.322784 
7.025 0.021686 0.0349912 0.0221049 0.452685 
0.3259 0.160016 0.188048 0.220056 0.335782 
2.422 0.0268292 0.0380275 0.0274104 0.47225 
0.7649 0.0652427 0.0787812 0.0901653 0.210423 
7.546 0.0239092 0.0516369 0.0271392 0.544207 
7.83 0.023354 0.0443159 0.0240046 0.57092 
1.424 0.0412602 0.071445 0.0542266 0.405361 
4.492 0.0148369 0.0253672 0.0158913 0.383307 
0.7405 0.0631976 0.0726189 0.0838803 0.234584 
0.2913 0.119922 0.140364 0.165643 0.250877 
2.349 0.0237664 0.0284278 0.0268312 0.297057 
0.6839 0.0439785 0.0647145 0.0559049 0.319106 
1.381 0.0459053 0.0720977 0.0639656 0.315429 
0.6001 0.0868968 0.103055 0.112474 0.408942 
5.545 0.0188496 0.029492 0.0185742 0.442228 
1.856 0.0307439 0.0544262 0.033577 0.488201 
5.741 0.0249118 0.0384616 0.0242232 0.531359 
5.718 0.0271143 0.049653 0.02862 0.529774 
0.5588 0.0803079 0.0942111 0.106298 0.305351 
7.943 0.0250001 0.0451694 0.0251823 0.608934 
3.403 0.0231069 0.0267114 0.0216657 0.372831 
1.445 0.0405475 0.0543463 0.0526573 0.317575 
4.173 0.0281653 0.0412499 0.0297591 0.423987 
0.8744 0.0807066 0.121212 0.11158 0.403437 
4.828 0.0181476 0.0340638 0.0194473 0.452595 
0.6968 0.0988163 0.115743 0.134853 0.273778 
3.51 0.0200741 0.0269197 0.0196058 0.424658 
1.843 0.0398296 0.0478858 0.0517109 0.288405 
0.4551 0.138201 0.162167 0.189421 0.321742 
0.3936 0.115141 0.134731 0.156528 0.296661 
0.2037 0.159978 0.188049 0.21669 0.404233 
0.4115 0.0950219 0.137691 0.132038 0.361104 
1.206 0.0398294 0.0439324 0.0442379 0.347991 
7.043 0.0266132 0.0518883 0.0297792 0.520548 
4.696 0.0204103 0.0318657 0.0220833 0.352355 
2.545 0.0245382 0.0376221 0.02789 0.348324 
0.6715 0.0406801 0.0464696 0.0519101 0.211785 
2.138 0.0287592 0.0305774 0.0281838 0.374228 
0.9228 0.0487588 0.0551554 0.0584934 0.338692 
2.382 0.0264186 0.0373948 0.032258 0.305448 
3.52 0.0167643 0.035354 0.0228087 0.306708 
1.632 0.0264881 0.0401267 0.0303614 0.345879 
3.768 0.0269332 0.0448981 0.0280378 0.483651 
4.081 0.02679 0.0411874 0.0261998 0.524952 
3.173 0.0280896 0.0411739 0.0270686 0.567515 
0.08564 0.151203 0.176702 0.20753 0.2987  
2.06 0.0272658 0.0498977 0.0313753 0.429787 
1.51 0.0359699 0.0445375 0.0415732 0.342772 
2.589 0.0238978 0.0281677 0.0277387 0.276322 
0.1735 0.103557 0.122119 0.142592 0.234971 
1.221 0.0516335 0.0680892 0.0622869 0.43714 
3.017 0.028001 0.0563325 0.0322575 0.481563 
0.3369 0.0711184 0.0849514 0.0961178 0.231973 
4.759 0.0244988 0.0560045 0.0293115 0.477624 
7.589 0.0255507 0.0428291 0.0251463 0.572651 
2.513 0.0228181 0.0276156 0.0279037 0.240132 
2.077 0.0365725 0.0586575 0.0486156 0.351559 
2.25 0.0255224 0.0294375 0.0257489 0.3614 
0.1896 0.112576 0.132386 0.155124 0.241091 
3.067 0.0272158 0.061942 0.034237 0.4499 
2.329 0.0325955 0.050017 0.0372423 0.43891 
2.344 0.0175733 0.0183775 0.0175091 0.254004 
2.387 0.0200375 0.0215312 0.0193104 0.3075 
6.319 0.0260661 0.0499096 0.0301461 0.461541 
2.693 0.0254377 0.0374813 0.026451 0.415477 
6.829 0.0189044 0.027749 0.0180876 0.448664 
3.097 0.0183908 0.0219513 0.0186156 0.283828 
0.34 0.127218 0.15302 0.172612 0.365446 
3.823 0.0199032 0.0282126 0.0208791 0.328554 
2.976 0.018694 0.0318454 0.0241717 0.271259 
4.589 0.0206301 0.023873 0.0189194 0.378145 
0.2582 0.0627504 0.0760946 0.0880338 0.155006 
4.466 0.0187269 0.0309577 0.0192795 0.406597 
0.3141 0.0481744 0.0560866 0.0676689 0.126537 
1.192 0.0290236 0.0330883 0.0333728 0.26367 
0.212 0.191006 0.222129 0.26198 0.363989 
7.196 0.0199636 0.0327071 0.0194916 0.520164 
2.057 0.0297044 0.0423443 0.0353312 0.364865 
2.368 0.0264463 0.039603 0.0274419 0.448061 
7.115 0.0224869 0.0379034 0.0221064 0.552023 
0.01914 0.0913788 0.106061 0.127023 0.178961 
3.712 0.0186919 0.0225608 0.0178749 0.352113 
1.208 0.0446913 0.0639871 0.0609044 0.294324 
2.04 0.0221419 0.0331468 0.0250667 0.309005 
3.721 0.0232571 0.0288875 0.0219283 0.427048 
0.5123 0.0319172 0.0404455 0.0457836 0.134431 
3.848 0.0298973 0.054441 0.036104 0.446199 
0.2276 0.107782 0.125926 0.147051 0.260514 
0.3267 0.0550787 0.0761232 0.0780127 0.195325 
0.716 0.0472222 0.076571 0.0616936 0.352084 
5.724 0.0161805 0.0282853 0.0177976 0.368129 
3.265 0.0228453 0.0375421 0.0237014 0.530183 
0.7575 0.0477786 0.0579841 0.0628473 0.226856 
0.1633 0.105854 0.122871 0.146242 0.215427 
5.064 0.0270886 0.0530542 0.0331503 0.449551 
1.642 0.0224272 0.0347904 0.0294596 0.227627 
6.799 0.0264319 0.0559714 0.0287331 0.587889 
7.512 0.022443 0.0372649 0.0227409 0.491827 
0.9356 0.0628592 0.0747504 0.0821409 0.307343 
1.507 0.0358766 0.0482869 0.0487347 0.234499 
2.337 0.0345565 0.0636721 0.0413928 0.489629 
0.1563 0.111273 0.128331 0.151229 0.263365 
3.675 0.0355504 0.0690802 0.0466294 0.507518 
1.661 0.0274792 0.0438518 0.0365796 0.281361 
0.3326 0.106197 0.12427 0.146547 0.234427 
7.833 0.0275925 0.048516 0.0287865 0.545531 
1.186 0.0609686 0.112247 0.0854616 0.495229 
1.346 0.0288838 0.0566423 0.0363876 0.342455 
6.531 0.0271719 0.0488542 0.0287226 0.545993 
6.329 0.0202716 0.0392296 0.0236683 0.421155 
4.855 0.0288073 0.0723411 0.0354388 0.576066 
1.073 0.0552363 0.0842419 0.0708647 0.427975 
4.881 0.0270825 0.0334025 0.0249441 0.47061 
0.4834 0.0432556 0.0501921 0.0537804 0.274317 
2.14 0.0267044 0.0396942 0.0311744 0.367745 
0.5008 0.0932874 0.118156 0.130474 0.325454 
2.739 0.0301813 0.0501195 0.0317707 0.559026 
7.998 0.0311218 0.0669597 0.0339772 0.687203 
2.916 0.0195931 0.023708 0.0194372 0.367029 
7.121 0.0239749 0.0449942 0.026831 0.475399 
0.3158 0.0857732 0.0993123 0.116059 0.241683 
0.3974 0.0861037 0.106124 0.116451 0.288302 
6.217 0.0218652 0.0379753 0.0230436 0.454377 
7.416 0.0261766 0.0364454 0.024746 0.515111 
0.2802 0.0426416 0.0510754 0.0599315 0.126853 
0.1508 0.0725244 0.0901193 0.102396 0.175639 
6.866 0.0264146 0.0403934 0.0261377 0.504541 
0.6194 0.0315775 0.0348519 0.0381984 0.20938 
6.987 0.0288124 0.0588122 0.0312848 0.599532 
1.338 0.0662425 0.0820992 0.0895639 0.319256 
1.874 0.0250306 0.0387707 0.0316058 0.283479 
2.592 0.0236702 0.0288112 0.0288166 0.249254 
1.276 0.0485652 0.0576597 0.0626161 0.271966 
6.589 0.0288977 0.0469599 0.0289291 0.565147 
0.7874 0.0598749 0.0737656 0.0825187 0.20603 
1.189 0.0515369 0.0749062 0.0661692 0.425634 
0.2165 0.0443143 0.0526306 0.0625233 0.132276 
3.132 0.0218039 0.0266735 0.021063 0.408801 
2.897 0.0313205 0.0496503 0.0353279 0.446583 
6.792 0.0193378 0.0313036 0.0188844 0.486868 
7.855 0.0206446 0.0340318 0.0206938 0.490638 
0.3714 0.134554 0.166173 0.187146 0.349814 
1.696 0.0361317 0.0561358 0.0440007 0.423414 
0.5916 0.0580452 0.0775525 0.0818506 0.191983 
1.563 0.0398716 0.0447387 0.0429147 0.418313 
3.716 0.0215713 0.0274846 0.0207079 0.369417 
6.66 0.0283148 0.0523489 0.0292786 0.58172 
3.277 0.0281482 0.050555 0.0329658 0.44484 
3.657 0.0248961 0.0326248 0.0229502 0.52617 
0.07196 0.0465051 0.0548982 0.0661045 0.11965 
0.6485 0.0632908 0.0718353 0.0814187 0.300685 
1.956 0.025777 0.0322769 0.0266108 0.387539 
7.81 0.021797 0.0410495 0.0222996 0.546707 
5.738 0.0281331 0.0651529 0.032985 0.552842 
5.986 0.0242079 0.0347009 0.0231612 0.496903 
1.872 0.0307343 0.0352858 0.0369379 0.269857 
0.1091 0.163324 0.190362 0.223627 0.32768 
5.833 0.0216469 0.0367446 0.0212122 0.54251 
1.617 0.0359288 0.0507365 0.0386109 0.495372 
1.373 0.0571481 0.0724501 0.0775775 0.296118 
4.037 0.0269305 0.0330513 0.0255536 0.419835 
0.8171 0.108154 0.131024 0.148243 0.340203 
6.143 0.0272623 0.048833 0.0297941 0.519001 
0.4407 0.0618427 0.0723152 0.0808212 0.254995 
6.998 0.0181958 0.0308631 0.0177141 0.515016 
1.537 0.0334725 0.0388737 0.0433963 0.202448 
1.029 0.0241522 0.0289223 0.0296463 0.182925 
2.839 0.0205395 0.0264715 0.0254533 0.235912 
0.2911 0.0329931 0.0395084 0.043186 0.178608 
5.295 0.0221411 0.0367688 0.0227316 0.460343 
0.5295 0.0968344 0.117727 0.129092 0.381273 
4.685 0.0241597 0.0432072 0.0284616 0.414263 
0.09199 0.134329 0.157212 0.184825 0.273509 
0.52 0.0868664 0.106737 0.114327 0.372146 
0.915 0.0528387 0.0671236 0.0690089 0.326378 
0.8917 0.0508268 0.0640502 0.0630431 0.363248 
3.124 0.0299385 0.0536072 0.0310836 0.552063 
0.06549 0.0765579 0.0893595 0.107393 0.152182 
2.977 0.0308663 0.0445895 0.0305983 0.48758 
0.3685 0.115657 0.143134 0.159475 0.351376 
0.08341 0.0644628 0.0748004 0.0896241 0.150782 
0.2911 0.183489 0.213055 0.251271 0.365304 
0.6765 0.0736515 0.0834324 0.0936056 0.379181 
6.268 0.0193995 0.0380874 0.0210055 0.487858 
7.361 0.0252027 0.0443687 0.0249973 0.602604 
2.435 0.0248693 0.0404831 0.0322828 0.293297 
0.7002 0.115965 0.138089 0.160104 0.300107 
1.809 0.024014 0.0307526 0.0234325 0.401518 
3.06 0.0240782 0.0245001 0.0224393 0.363356 
2.376 0.0271393 0.0354002 0.0288484 0.3811 
1.882 0.023438 0.0281977 0.0252803 0.313819 
4.997 0.0153146 0.0215876 0.0155069 0.323871 
1.266 0.0358436 0.0426442 0.0408876 0.318304 
2.235 0.0353582 0.047275 0.0493923 0.237148 
0.9949 0.0628129 0.0786008 0.0777366 0.444323 
2.495 0.0262464 0.0380162 0.0273191 0.489221 
1.123 0.0273036 0.0336008 0.031606 0.279374 
4.665 0.0227507 0.0534893 0.0293899 0.464988 
1.672 0.0396639 0.0752054 0.0521429 0.458353 
1.573 0.0426552 0.0582806 0.0565626 0.29506 
1.19 0.0285635 0.0359058 0.033569 0.281801 
0.9783 0.0398501 0.0459511 0.0463878 0.337429 
1.613 0.0336385 0.0419516 0.0372388 0.368944 
1.056 0.053146 0.0926122 0.0707854 0.418231 
0.3356 0.0281368 0.0423929 0.0380545 0.1794 
0.4342 0.0364587 0.0407764 0.0464024 0.178736 
0.1466 0.140935 0.167184 0.193666 0.318075 
0.2101 0.145496 0.175711 0.199948 0.337103 
1.953 0.0247589 0.0289304 0.0238936 0.391388 
6.468 0.0220099 0.0339823 0.0208577 0.583977 
7.02 0.0222843 0.0409501 0.0235777 0.485676 
0.4164 0.0945187 0.11272 0.124555 0.387669 
1.53 0.0292567 0.0548895 0.0361508 0.384409 
4.862 0.0283393 0.0382892 0.0259661 0.57924 
5.93 0.0239913 0.0422538 0.0250642 0.50602 
1.173 0.0327618 0.037487 0.0391658 0.25487 
1.489 0.0243795 0.0289871 0.0256689 0.309839 
0.8433 0.0589706 0.0711931 0.0746315 0.366896 
3.077 0.0224094 0.0417375 0.0316252 0.307451 
3.907 0.0241184 0.0302951 0.0230456 0.44047 
3.772 0.023321 0.0321898 0.0219125 0.503983 
7.823 0.0251054 0.0434112 0.0250405 0.570227 
1.02 0.026929 0.0360141 0.0307325 0.316981 
4.39 0.0195835 0.0334796 0.0231747 0.334615 
1.704 0.0441107 0.107905 0.0585516 0.541339 
0.6829 0.03119 0.031953 0.0352536 0.222254 
1.292 0.0286706 0.0343571 0.0331147 0.326065 
2.709 0.0263437 0.0440932 0.0308951 0.385679 
5.614 0.0258008 0.0445892 0.0287496 0.443795 
2.482 0.0275517 0.0357587 0.0271389 0.478148 
2.417 0.033616 0.0465179 0.0454125 0.281754 
0.3951 0.0431123 0.0517007 0.0609104 0.123092 
0.4586 0.0464042 0.0546462 0.0593656 0.244236 
0.9469 0.0413344 0.0505434 0.051095 0.311018 
4.313 0.0311823 0.0604575 0.035093 0.560402 
0.8942 0.0674884 0.0837543 0.0927486 0.242169 
1.187 0.0479585 0.0913108 0.0648539 0.426505 
3.457 0.0267079 0.0458481 0.0264549 0.548538 
5.531 0.0231563 0.0389126 0.0232894 0.51786 
1.525 0.0201978 0.0228718 0.0209027 0.294808 
4.174 0.0245246 0.0349109 0.023238 0.510712 
6.94 0.0233065 0.0407548 0.0229746 0.629178 
5.842 0.0252107 0.0430756 0.027373 0.476902 
0.2334 0.171634 0.199786 0.234793 0.350092 
3.514 0.0238393 0.0324955 0.0241154 0.393204 
1.111 0.0419461 0.0508524 0.0531962 0.275531 
0.2996 0.0478588 0.0559004 0.0635237 0.189046 
1.014 0.0230951 0.0279608 0.0315535 0.138873 
5.298 0.0247318 0.031287 0.0229389 0.448073 
0.3017 0.0364532 0.0430342 0.0491152 0.144114 
6.911 0.0245848 0.0448296 0.0272177 0.482828 
6.733 0.0255857 0.0459707 0.0274266 0.495203 
1.415 0.0418381 0.046206 0.0514319 0.268897 
1.24 0.0397972 0.0612825 0.0542871 0.330048 
1.844 0.0416671 0.0556237 0.0540193 0.351382 
4.75 0.0156318 0.0260996 0.0159686 0.378029 
0.2014 0.121905 0.148657 0.167915 0.29161 
0.03477 0.11928 0.138496 0.165209 0.222685 
0.2436 0.0614937 0.0718606 0.0849366 0.163232 
1.068 0.0334131 0.0426782 0.0398319 0.282254 
4.829 0.0262157 0.0347429 0.0256029 0.438529 
0.5987 0.10266 0.122136 0.140464 0.289504 
7.918 0.0247148 0.0439796 0.026077 0.515756 
0.7379 0.0703085 0.082161 0.0915749 0.323312 
0.8875 0.063295 0.0764117 0.083658 0.30573 
3.955 0.0160205 0.0299237 0.0174206 0.454202 
4.656 0.0254252 0.0390576 0.0254259 0.489678 
6.021 0.0251607 0.0525867 0.0282678 0.52508 
1.908 0.0259673 0.0324162 0.0256896 0.371943 
6.717 0.0295511 0.0551766 0.0321999 0.553984 
3.534 0.0305498 0.0743446 0.0400122 0.479745 
0.979 0.0350527 0.04277 0.045284 0.205373 
7.181 0.025601 0.0416943 0.0262206 0.488842 
0.2336 0.0619832 0.07246 0.0868973 0.141993 
1.897 0.0241769 0.02484 0.0240187 0.295934 
1.968 0.0315349 0.039132 0.036194 0.366032 
0.9194 0.0743279 0.110087 0.101502 0.442812 
0.3203 0.0683069 0.0941424 0.0947137 0.24608 
2.06 0.026948 0.0464091 0.0300441 0.435861 
2.722 0.0213876 0.0245624 0.0215571 0.352011 
2.28 0.0318287 0.0369382 0.0303548 0.513935 
4.45 0.0323507 0.0731984 0.0369957 0.61174 
0.3167 0.0357063 0.0486732 0.0496362 0.155883 
1.005 0.0613993 0.101307 0.0877727 0.327045 
0.2147 0.126188 0.153686 0.175419 0.288337 
1.748 0.0227815 0.0261751 0.0269668 0.224272 
5.164 0.0198084 0.0429575 0.0233734 0.421377 
1.235 0.0294744 0.0534236 0.0387683 0.257297 
0.4781 0.0659863 0.083108 0.0870905 0.289127 
2.971 0.0183976 0.0242895 0.0218427 0.27396 
0.2535 0.0326646 0.0465137 0.0459054 0.151589 
0.5561 0.066921 0.0934876 0.0896988 0.33687 
1.747 0.0376559 0.0534928 0.0462209 0.389234 
0.3284 0.033148 0.0451923 0.0470343 0.12967 
1.189 0.053157 0.0616406 0.0708505 0.230454 
1.455 0.0315122 0.0489951 0.0396939 0.314775 
0.08862 0.0417656 0.048345 0.0581047 0.124434 
3.725 0.0259293 0.0550845 0.0306685 0.457165 
6.115 0.0213223 0.0314173 0.020973 0.44802 
2.192 0.0320791 0.0460817 0.0426033 0.295919 
1.269 0.0319631 0.0658014 0.0405712 0.350828 
5.855 0.0231761 0.0410484 0.0232446 0.56178 
0.4459 0.0834115 0.0966649 0.113251 0.230854 
0.7749 0.0473195 0.0680327 0.0674789 0.237129 
1.452 0.0376874 0.0418834 0.040843 0.386122 
4.929 0.0226222 0.0385494 0.0229248 0.484288 
0.5467 0.0319105 0.0385033 0.0415986 0.172256 
0.6901 0.0940396 0.119269 0.128448 0.360365 
3.445 0.0182251 0.0359576 0.024759 0.305727 
4.11 0.0220144 0.0293155 0.0207467 0.4449 
1.186 0.0528063 0.0672893 0.0725987 0.230215 
2.015 0.0233502 0.0272747 0.0292976 0.203595 
0.4222 0.135642 0.16205 0.184966 0.35735 
3.789 0.0267174 0.0377499 0.0272262 0.410536 
5.688 0.0321832 0.0566458 0.0358905 0.535502 
6.169 0.0260333 0.0506525 0.0276085 0.556262 
3.146 0.0281052 0.0414557 0.0268871 0.576794 
2.036 0.0204166 0.0230343 0.0234793 0.204785 
2.798 0.0233464 0.0331386 0.0245726 0.439348 
2.16 0.0251566 0.0297464 0.0281768 0.31819 
0.5459 0.0622014 0.0794183 0.0817888 0.309875 
0.7492 0.0375172 0.0493906 0.048131 0.243154 
0.6853 0.0732732 0.0901274 0.101769 0.220389 
4.16 0.0372473 0.086293 0.0465482 0.635545 
4.702 0.022675 0.0471002 0.0255237 0.481721 
7.783 0.0270343 0.0506334 0.0291754 0.552729 
4.956 0.0174629 0.0212929 0.0159359 0.403114 
2.028 0.0190857 0.0258387 0.0231389 0.234469 
0.9729 0.0381266 0.0393546 0.0432658 0.287756 
7.471 0.0243465 0.0381551 0.0243076 0.486025 
2.179 0.0311436 0.0589258 0.041976 0.396166 
0.2284 0.152114 0.181911 0.208637 0.354324 
1.525 0.0366461 0.0428129 0.0440377 0.285094 
6.926 0.0231537 0.0424229 0.0243695 0.522239 
5.044 0.0176392 0.0233042 0.0168917 0.402561 
0.03071 0.0372659 0.0432144 0.0533146 0.0961578 
2.001 0.029987 0.0404927 0.03361 0.361439 
5.581 0.0228484 0.0473531 0.0250816 0.554033 
0.9495 0.0537884 0.064174 0.0658292 0.387744 
0.8089 0.0323654 0.0440512 0.0437984 0.191764 
0.3962 0.0399591 0.0485353 0.0544498 0.159408 
6.489 0.0187724 0.0264979 0.0180746 0.401828 
1.247 0.0338071 0.0372807 0.0402795 0.25641 
0.07822 0.0688126 0.0799439 0.0962863 0.145391 
0.8214 0.0551987 0.0913512 0.077633 0.302808 
1.556 0.029482 0.0350412 0.0309907 0.354013 
1.225 0.049378 0.0573075 0.0609395 0.346869 
2.483 0.036213 0.0744038 0.0495685 0.441893 
1.54 0.046167 0.0649682 0.0541108 0.561111 
1.829 0.0335508 0.0458106 0.0404489 0.421453 
3.942 0.0248939 0.0313693 0.0235592 0.414441 
1.738 0.0379898 0.0614736 0.0509084 0.347157 
5.493 0.0309833 0.0550911 0.0329408 0.572181 
0.5775 0.0433087 0.0488297 0.0541901 0.233838 
7.413 0.0213389 0.035283 0.0209699 0.526518 
1.667 0.0244807 0.0353358 0.0286788 0.278165 
7.142 0.0278051 0.0487251 0.0291936 0.551407 
2.942 0.0180716 0.0224675 0.0182427 0.316324 
1.318 0.0363323 0.056062 0.0487092 0.271066 
0.3678 0.112547 0.133338 0.150684 0.353016 
0.411 0.0247648 0.0282355 0.033825 0.108573 
3.804 0.0160115 0.028547 0.020168 0.300201 
7.087 0.0220195 0.0329289 0.0213992 0.477662 
5.655 0.0194236 0.0298818 0.020025 0.393445 
1.446 0.0306212 0.056512 0.0396939 0.354393 
4.803 0.0214372 0.0524 0.0258773 0.487354 
0.7446 0.0992048 0.125938 0.140071 0.301565 
4.379 0.0278289 0.0376151 0.0254044 0.587215 
1.455 0.0263015 0.0402529 0.0293807 0.315146 
1.627 0.0328272 0.042521 0.0391238 0.321846 
4.602 0.0271023 0.0443082 0.0292787 0.449921 
1.847 0.0250851 0.0291691 0.0299841 0.217643 
2.694 0.0171572 0.0309102 0.0209827 0.327375 
4.96 0.0227041 0.027109 0.020949 0.426848 
0.9544 0.0268911 0.0346981 0.031295 0.250161 
0.03988 0.10151 0.118221 0.140371 0.206241 
0.4462 0.0464031 0.0549712 0.0647495 0.136543 
1.064 0.0446715 0.0550728 0.0552325 0.335572 
1.698 0.0293275 0.0412774 0.036298 0.312086 
5.118 0.0160757 0.0270273 0.0177499 0.333384 
1.707 0.047245 0.0614009 0.0638144 0.27171 
0.8428 0.0500662 0.0706277 0.0622145 0.393674 
0.3359 0.109381 0.128731 0.147629 0.32047 
2.618 0.0171359 0.0247647 0.0199914 0.251885 
3.154 0.0264073 0.048194 0.0274568 0.53074 
0.6232 0.10647 0.125774 0.142559 0.362222 
0.4581 0.0546432 0.0683411 0.072318 0.248089 
0.3471 0.0696262 0.0844458 0.0927342 0.260846 
5.445 0.0163487 0.0280641 0.0182205 0.33086 
4.693 0.0262881 0.0317953 0.0238861 0.524393 
0.1968 0.0899261 0.10385 0.123298 0.208606 
1.708 0.0317068 0.0350188 0.0331103 0.372691 
1.974 0.0395417 0.0517473 0.0527222 0.281346 
2.435 0.0320508 0.0660471 0.0407914 0.471197 
6.213 0.0196742 0.0344362 0.0195065 0.549228 
6.827 0.0225407 0.0416326 0.0228059 0.593232 
0.6245 0.104465 0.121949 0.142187 0.282657 
0.595 0.0399061 0.0584921 0.0538969 0.229848 
6.041 0.0205507 0.0325419 0.020991 0.425743 
5.803 0.0295135 0.0548727 0.0306816 0.587366 
4.907 0.0176292 0.0226923 0.0165595 0.371941 
2.171 0.017903 0.0225168 0.0217138 0.192693 
2.635 0.026784 0.0507724 0.0369424 0.335283 
1.859 0.0308529 0.0372123 0.0372239 0.338867 
5.689 0.0285394 0.0416524 0.0279284 0.528475 
2.518 0.0276983 0.0330383 0.0284591 0.44095 
0.286 0.135344 0.156766 0.181762 0.366624 
1.799 0.0287827 0.0352031 0.0385705 0.183125 
4.883 0.0245213 0.0283393 0.0225721 0.404258 
7.683 0.023251 0.0362471 0.0229647 0.482585 
0.8753 0.04149 0.0566396 0.0518322 0.287664 
0.7897 0.0645416 0.0841506 0.0874788 0.330087 
5.109 0.0207194 0.0321201 0.0225175 0.366086 
5.853 0.0262104 0.0488158 0.0275382 0.542037 
0.1404 0.139253 0.171019 0.191934 0.319608 
1.998 0.0274045 0.0518996 0.0327309 0.380095 
2.685 0.0275868 0.0372896 0.0313183 0.34338 
0.02176 0.171255 0.199035 0.235651 0.304952 
0.1407 0.189175 0.220986 0.258591 0.381512 
0.4264 0.0652169 0.0720375 0.0839198 0.250593 
5.555 0.0179216 0.0277194 0.0178714 0.412151 
7.702 0.0210642 0.0325275 0.0204652 0.503793 
0.09212 0.064265 0.0763821 0.0899505 0.161162 
1.423 0.0341544 0.0406266 0.0374871 0.355358 
2.43 0.0233491 0.0268104 0.0228314 0.340223 
0.7775 0.0879131 0.103403 0.12059 0.256158 
1.116 0.0725555 0.0852968 0.0973368 0.290276 
0.4361 0.118948 0.145091 0.159023 0.43273 
0.1432 0.15643 0.186159 0.213572 0.359507 
4.953 0.0248103 0.0418228 0.0256478 0.489865 
0.1632 0.135172 0.160927 0.184796 0.312141 
4.137 0.0245645 0.0355319 0.024429 0.468931 
3.155 0.0162095 0.0210638 0.0167306 0.330954 
6.767 0.0238235 0.0375893 0.0238992 0.492662 
6.341 0.0244532 0.0440166 0.0263755 0.472374 
1.744 0.0253001 0.0346363 0.0346364 0.193058 
0.04346 0.132239 0.153332 0.181701 0.259451 
4.362 0.0182432 0.0347652 0.021696 0.362044 
1.284 0.027696 0.0391659 0.0397769 0.178966 
5.87 0.0286081 0.0504091 0.0313877 0.491095 
0.9973 0.0788227 0.0939947 0.105062 0.338061 
1.119 0.0581634 0.0747441 0.0749301 0.360397 
0.5708 0.0290602 0.0346182 0.0351334 0.232248 
2.112 0.0250083 0.0300583 0.0235961 0.392945 
4.217 0.015948 0.0207821 0.0159561 0.328247 
2.888 0.0220277 0.0280765 0.021296 0.401117 
4.361 0.0208226 0.0264555 0.0201749 0.373154 
7.131 0.0240469 0.0455521 0.0257582 0.500724 
2.428 0.0306722 0.0397956 0.0384649 0.348139 
2.46 0.0175844 0.0247608 0.0184803 0.314117 
0.2825 0.149352 0.173131 0.201617 0.377461 
0.1575 0.148847 0.174933 0.205293 0.287318 
5.119 0.027105 0.0470806 0.0309117 0.432807 
0.9252 0.0544244 0.0618163 0.0700669 0.249314 
4.902 0.0283321 0.053342 0.0316901 0.494163 
5.95 0.0224735 0.0323295 0.0215754 0.463132 
2.157 0.0276489 0.0342196 0.0282953 0.371981 
1.66 0.0342017 0.0471712 0.0489385 0.198816 
2.698 0.0216636 0.0331679 0.0255773 0.306731 
5.757 0.0307795 0.0641154 0.0357836 0.575795 
0.512 0.0351664 0.0401258 0.0462949 0.164273 
4.413 0.0264983 0.0461065 0.0261743 0.565507 
2.482 0.0294671 0.0411184 0.0365048 0.327105 
5.518 0.0220455 0.0349165 0.0228799 0.410311 
0.3126 0.0588512 0.0684524 0.0796098 0.189077 
5.134 0.0177854 0.034179 0.0190653 0.427231 
0.9492 0.0824465 0.100939 0.114698 0.254373 
0.4219 0.0869187 0.101634 0.114793 0.317066 
6.584 0.0250742 0.0479601 0.0270601 0.517022 
0.2581 0.132071 0.153595 0.180469 0.291648 
2.582 0.0296033 0.0468246 0.0358898 0.364871 
0.5341 0.0414224 0.0454341 0.0507018 0.233231 
0.5192 0.104008 0.140709 0.143766 0.400878 
0.4634 0.145481 0.170638 0.199838 0.327553 
0.2161 0.13581 0.157825 0.184381 0.330872 
1.741 0.0221643 0.0271678 0.0259308 0.272437 
7.878 0.0230495 0.0410658 0.0229337 0.589903 
7.676 0.02355 0.0419646 0.0238765 0.542477 
2.067 0.0273279 0.0579748 0.0342652 0.362159 
3.604 0.0190723 0.032003 0.0196833 0.45049 
2.443 0.0247636 0.0270169 0.025461 0.321038 
6.142 0.0313625 0.0551819 0.0333533 0.565785 
3.075 0.0229242 0.0347816 0.0285046 0.332804 
2  0.0339172 0.0767048 0.0415522 0.51602 
0.0251 0.212555 0.247335 0.2915 0.377885 
0.6865 0.0467648 0.0618129 0.0622341 0.236361 
2.847 0.0294452 0.0582492 0.0343925 0.487117 
2.987 0.0180519 0.0255926 0.0215659 0.308192 
1.729 0.0420811 0.0636994 0.0567057 0.36062 
1.125 0.0321997 0.0500166 0.0439903 0.301035 
0.6205 0.115031 0.138142 0.154371 0.406956 
2.546 0.0230093 0.0362613 0.0239469 0.455654 
0.1039 0.17144 0.20334 0.234746 0.354916 
0.1941 0.0776283 0.0911687 0.108548 0.166252 
0.5888 0.0966105 0.115218 0.13226 0.268037 
1.878 0.0208159 0.0279702 0.0209383 0.371986 
2.402 0.0337597 0.0778766 0.0423962 0.450946 
5.497 0.023549 0.0381101 0.0227635 0.564239 
0.3741 0.13797 0.164205 0.188671 0.335721 
2.658 0.0322399 0.0608633 0.0406409 0.449697 
5.049 0.0176272 0.0252797 0.0169347 0.392054 
2.556 0.0220732 0.0492798 0.0273324 0.377601 
3.273 0.0165763 0.0323672 0.021667 0.280359 
4.074 0.0192115 0.0332688 0.021453 0.383127 
1.753 0.0544477 0.0734555 0.0776836 0.277034 
3.04 0.0213918 0.0387689 0.0276092 0.329983 
1.529 0.0380669 0.0470675 0.0519654 0.206785 
4.459 0.0226755 0.0323604 0.0221758 0.428794 
5.052 0.0258338 0.0374984 0.0249229 0.520927 
0.1317 0.0789145 0.0962994 0.11016 0.183115 
3.331 0.0233952 0.0247297 0.0208982 0.393317 
0.871 0.0655144 0.0819363 0.0914225 0.220415 
0.06302 0.0477599 0.0560854 0.0671856 0.123047 
2.953 0.0164959 0.0221617 0.0179286 0.299751 
0.5762 0.050569 0.0754565 0.0675112 0.298258 
2.698 0.0277894 0.0334295 0.0269381 0.418773 
1.274 0.0209604 0.0302268 0.0272696 0.183004 
0.4776 0.0567935 0.0695814 0.0774666 0.200341 
0.6844 0.0615622 0.0739796 0.0815192 0.263861 
0.07277 0.0676825 0.0792383 0.094355 0.150333 
1.031 0.0304375 0.0366302 0.035464 0.25676 
5.056 0.0282103 0.052865 0.0331096 0.477641 
3.674 0.0207156 0.0358876 0.0234443 0.358783 
2.598 0.0215538 0.0241646 0.0207432 0.327528 
3.182 0.0204091 0.0321326 0.0205341 0.429305 
1.008 0.0537289 0.0618012 0.0664688 0.321306 
0.6597 0.0508125 0.0628869 0.063566 0.307534 
2.918 0.0244104 0.0497876 0.0345945 0.318127 
0.2514 0.14106 0.171332 0.194985 0.344075 
0.9534 0.0296007 0.0517819 0.0386262 0.277711 
4.256 0.0198886 0.0323073 0.0199109 0.451628 
4.882 0.0275345 0.0495655 0.0322339 0.461754 
1.86 0.0368084 0.0602462 0.0508308 0.390787 
0.5229 0.0684782 0.0793273 0.0907634 0.243428 
2.612 0.0257213 0.032782 0.0321498 0.263347 
5.197 0.0186114 0.0256434 0.0178453 0.411588 
4.841 0.0239579 0.0568209 0.0294786 0.465679 
2.042 0.0263554 0.0466848 0.0360223 0.29262 
0.8923 0.0640519 0.077647 0.0890521 0.206684 
0.6998 0.102287 0.125866 0.139094 0.341227 
0.76 0.0826982 0.112832 0.111857 0.372598 
0.9395 0.0307904 0.0472497 0.0442249 0.190017 
2.077 0.0271771 0.0289143 0.0267947 0.327296 
2.409 0.0217772 0.0421515 0.0276993 0.295877 
1.7 0.0338658 0.0579444 0.0466292 0.31463 
4.926 0.0209169 0.0308527 0.0213659 0.381498 
6.769 0.0271293 0.0349418 0.0253587 0.47969 
2.47 0.0288194 0.0425705 0.0329926 0.437129 
0.316 0.171724 0.20031 0.234951 0.364976 
7.987 0.0241519 0.0424416 0.0247624 0.546207 
1.584 0.0242439 0.0275382 0.0248135 0.295686 
0.703 0.0581145 0.0868677 0.0827883 0.288392 
2.742 0.0270116 0.0462659 0.0301818 0.440549 
1.21 0.0620007 0.0731391 0.0799137 0.352757 
0.617 0.0219194 0.0260386 0.0318868 0.0840429 
2.534 0.0281524 0.0315698 0.0313757 0.315397 
0.5719 0.0320564 0.0466804 0.0408393 0.232341 
3.578 0.0262426 0.0442633 0.028565 0.432287 
0.2308 0.0452203 0.0531391 0.0640091 0.117167 
0.7145 0.0873768 0.103227 0.118383 0.275655 
0.5848 0.0654502 0.0753774 0.0878236 0.219777 
0.2737 0.102738 0.123345 0.139474 0.292955 
2.983 0.0160954 0.0210452 0.0168913 0.280293 
0.7522 0.0492362 0.0608521 0.0654539 0.235466 
1.595 0.0491924 0.0581979 0.0649679 0.247398 
2.971 0.0279066 0.0299221 0.0260296 0.424406 
1.691 0.0373963 0.0489209 0.0460109 0.341311 
1.791 0.0248612 0.0370727 0.0252231 0.426266 
4.986 0.0198312 0.0342937 0.0211108 0.43595 
3.166 0.0216147 0.0473406 0.0257921 0.445622 
0.7221 0.0638332 0.0763193 0.0866116 0.221399 
3.112 0.0225534 0.0306511 0.0229008 0.421898 
2.659 0.0198914 0.0312966 0.0228543 0.319861 
2.003 0.0405779 0.0680627 0.0578149 0.315889 
3.641 0.0303274 0.0584651 0.0343993 0.505877 
0.2739 0.158492 0.189571 0.219418 0.34598 
2.293 0.0318245 0.0446775 0.0379394 0.371343 
1.578 0.0489693 0.0610088 0.0633827 0.386077 
0.1508 0.161137 0.189042 0.222134 0.320575 
0.5 0.128379 0.150901 0.17566 0.314989 
2.648 0.0301376 0.0415737 0.0301309 0.447331 
4.156 0.0259347 0.0303524 0.0237453 0.441393 
3.944 0.0230532 0.0321108 0.0233349 0.398127 
6.724 0.0207327 0.0326612 0.0206612 0.472053 
1.191 0.0231737 0.0300338 0.0261941 0.271831 
5.214 0.0284705 0.0645649 0.0341492 0.570867 
1.094 0.0258548 0.0381105 0.0332387 0.224638 
1.352 0.0347041 0.04225 0.0432044 0.256243 
2.334 0.0258461 0.0321828 0.0294077 0.306969 
5.893 0.0235618 0.0362083 0.0235792 0.455851 
6.092 0.0177597 0.0260774 0.0173274 0.42267 
2.761 0.0181645 0.0369945 0.0255117 0.255392 
6.333 0.022685 0.039224 0.0223649 0.54203 
1.472 0.0324908 0.0680111 0.041518 0.380942 
4.713 0.0264604 0.0340189 0.0244525 0.480775 
1.446 0.0244542 0.0265689 0.0269587 0.239674 
3.551 0.0307567 0.053347 0.0376026 0.439317 
5.715 0.0168436 0.0263019 0.0166552 0.429576 
0.06971 0.05189 0.0599184 0.0731129 0.117336 
0.4389 0.0684172 0.0816598 0.0938692 0.200867 
3.626 0.0243747 0.0532277 0.0282661 0.476509 
2.023 0.0230571 0.0295125 0.0251852 0.29833 
1.909 0.0327316 0.0464236 0.0372283 0.435725 
0.3197 0.147275 0.170827 0.200279 0.338046 
1.491 0.0385687 0.0449245 0.0502262 0.228183 
2.933 0.0310665 0.0466663 0.0334245 0.466712 
1.705 0.0239093 0.0314708 0.0318059 0.19705 
0.6057 0.0412248 0.0496597 0.0540967 0.19278 
1.072 0.071518 0.0931326 0.0992535 0.283998 
2.64 0.0186812 0.0404554 0.0237776 0.335629 
1.865 0.0342527 0.0380474 0.0366384 0.380163 
0.1784 0.0368285 0.0425465 0.0504046 0.129147 
0.1407 0.0513912 0.0588728 0.0713846 0.131048 
2.824 0.0303579 0.0346853 0.0278993 0.520478 
6.815 0.0278216 0.0571149 0.0306744 0.570189 
0.6219 0.0692163 0.0812653 0.0945055 0.206341 
1.995 0.0317806 0.0568952 0.0389707 0.423522 
1.029 0.0643051 0.0846128 0.0886597 0.305493 
1.569 0.0364963 0.0525385 0.0412334 0.434317 
5.788 0.0297062 0.0558869 0.0336301 0.527912 
7.637 0.0267508 0.0546019 0.0287447 0.586244 
0.6996 0.0274187 0.0396339 0.0379609 0.169826 
1.222 0.0433141 0.0544198 0.0528762 0.355011 
2.447 0.0272004 0.0387321 0.0302072 0.379396 
0.5721 0.0466624 0.0604136 0.0596562 0.277911 
4.885 0.0214707 0.0298137 0.0198293 0.506968 
0.6501 0.0309553 0.0369051 0.0383663 0.223999 
4.932 0.0203456 0.0357474 0.0208436 0.455455 
1.585 0.0388142 0.0532532 0.0465001 0.400739 
1.616 0.0501681 0.0614962 0.0675587 0.26717 
2.741 0.022563 0.0302724 0.0226074 0.4817 
0.465 0.160063 0.188474 0.219882 0.357604 
0.2206 0.0848355 0.0981052 0.116689 0.198257 
0.2896 0.147454 0.171716 0.199845 0.363548 
7.396 0.0203841 0.0315271 0.020197 0.44163 
3.545 0.0279125 0.0345539 0.0257189 0.551939 
0.3688 0.0732258 0.0932818 0.102515 0.21421 
0.5017 0.0457423 0.0566261 0.0637906 0.154011 
1.569 0.0371611 0.0487166 0.0430074 0.385872 
2.31 0.0241965 0.0372271 0.0291212 0.327429 
0.9846 0.0489529 0.0621387 0.0630746 0.312254 
0.3051 0.119214 0.140538 0.162927 0.290131 
2.701 0.0229259 0.0354844 0.0265213 0.351612 
2.805 0.0252599 0.0318121 0.0254942 0.380057 
0.1278 0.185318 0.214349 0.25196 0.389703 
4.534 0.0267354 0.0386808 0.0256075 0.516142 
3.161 0.0252474 0.0410278 0.0280628 0.426737 
7.717 0.021892 0.0367785 0.0220386 0.511244 
0.08653 0.118296 0.136876 0.162071 0.252495 
0.4939 0.0758811 0.0982595 0.100826 0.33783 
1.845 0.0266488 0.0298248 0.0271658 0.334358 
0.33 0.0830676 0.101849 0.113253 0.2554 
3.527 0.0235174 0.0319645 0.0232066 0.463009 
0.4742 0.0400009 0.0474607 0.0561449 0.123819 
1.194 0.0398645 0.0473787 0.0458243 0.357805 
0.9862 0.0382433 0.0531928 0.0544868 0.167596 
0.9969 0.033696 0.0437834 0.0378243 0.369454 
6.34 0.028074 0.0416584 0.0278265 0.511253 
5.235 0.0191294 0.0346217 0.0199859 0.448701 
2.96 0.0189502 0.0240697 0.019726 0.371158 
0.562 0.0277544 0.0430733 0.0375355 0.184329 
0.6602 0.0811783 0.100891 0.109173 0.305645 
0.3689 0.110095 0.137909 0.149421 0.366524 
2.175 0.0358574 0.0488224 0.0467682 0.334227 
0.383 0.0767314 0.0891114 0.105986 0.183779 
7.545 0.0249397 0.0496644 0.0273758 0.518365 
4.297 0.0247401 0.0388263 0.0255411 0.460689 
0.2296 0.0279305 0.0312214 0.0377697 0.114872 
4.012 0.0150516 0.0199565 0.0146873 0.422614 
0.6838 0.0800946 0.0973643 0.109872 0.260612 
0.7349 0.0575374 0.0693733 0.0747549 0.273197 
3.105 0.0205705 0.0272803 0.024963 0.267795 
1.152 0.0410546 0.04837 0.0558348 0.168941 
0.5126 0.120847 0.142256 0.161764 0.393434 
7.713 0.0280661 0.0611861 0.0310354 0.625122 
4.648 0.0263454 0.0536759 0.029965 0.527112 
1.269 0.0405146 0.0482819 0.0452793 0.408471 
4.438 0.017128 0.030959 0.019782 0.350518 
0.604 0.0671433 0.0845738 0.0897253 0.291268 
1.13 0.0209938 0.0295528 0.028068 0.158087 
0.09136 0.207295 0.241379 0.284441 0.378712 
4.91 0.0238318 0.0276259 0.0217019 0.411527 
1.494 0.0267751 0.0295165 0.0270035 0.299573 
4.216 0.0234701 0.0335132 0.0222819 0.498886 
4.024 0.0157797 0.0344103 0.0194134 0.333472 
1.147 0.0450515 0.0627252 0.0590832 0.300232 
6.929 0.0217038 0.0415378 0.0232512 0.512989 
3.415 0.0253378 0.0404859 0.0282696 0.396361 
1.854 0.0288454 0.0653439 0.038223 0.348173 
0.4327 0.132267 0.169166 0.18165 0.400319 
0.7334 0.0597586 0.0708098 0.0750285 0.375752 
1.271 0.0306247 0.0328899 0.0350023 0.262859 
2.025 0.0304631 0.0437598 0.0357511 0.350569 
0.6153 0.0587283 0.0684721 0.0746461 0.310296 
0.3747 0.090681 0.105921 0.125323 0.212738 
4.148 0.0262796 0.0428981 0.0262043 0.522697 
5.515 0.0225075 0.0410434 0.0227714 0.537314 
5.794 0.0195098 0.0252326 0.0183596 0.389204 
7.149 0.0252179 0.0454573 0.0260406 0.546046 
0.9412 0.0467688 0.0563563 0.0585083 0.306148 
0.7125 0.0783662 0.089452 0.102164 0.326866 
0.162 0.0499688 0.0578976 0.0707021 0.114301 
0.819 0.0714451 0.089903 0.0929257 0.370254 
7.806 0.029935 0.0611789 0.0319127 0.639645 
2.99 0.0180824 0.0219388 0.0192717 0.260761 
1.342 0.0332697 0.0463416 0.0438598 0.259108 
3.923 0.0183624 0.0326962 0.0190301 0.436485 
6.123 0.0277398 0.0434679 0.0267239 0.627609 
5.738 0.0226892 0.0537033 0.0268571 0.506602 
0.6652 0.0651217 0.0826089 0.0851931 0.320646 
0.406 0.0373732 0.0443006 0.0515654 0.139131 
0.1564 0.177018 0.206313 0.241957 0.360993 
1.994 0.0333079 0.0402415 0.0423076 0.264993 
7.716 0.0222595 0.0354209 0.0220484 0.496666 
7.362 0.0240896 0.046726 0.0256093 0.542405 
2.708 0.0264581 0.0319134 0.0252873 0.410196 
3.973 0.0163677 0.0284089 0.0187208 0.35789 
2.91 0.0261602 0.0317059 0.0253621 0.39502 
1.354 0.0293308 0.0408114 0.034639 0.299249 
6.706 0.0242924 0.0359259 0.0235762 0.49831 
3.352 0.0262576 0.0504806 0.0308142 0.42347 
3.111 0.0278188 0.0398611 0.0264556 0.56507 
0.8531 0.0526649 0.0665447 0.0643541 0.410139 
0.7696 0.0594843 0.0762939 0.0800445 0.293666 
5.098 0.017431 0.0316586 0.0189006 0.391698 
2.698 0.0249306 0.0316253 0.0274884 0.349808 
0.2267 0.111155 0.129508 0.151624 0.263032 
0.716 0.0786628 0.103033 0.107965 0.36068 
0.4054 0.073643 0.0881866 0.102316 0.18891 
2.776 0.0241865 0.0345245 0.0228366 0.479333 
4.71 0.0249475 0.0330753 0.0225823 0.595427 
2.392 0.0198106 0.0288102 0.0241466 0.25715 
0.4494 0.0745119 0.0870771 0.101524 0.220993 
3.972 0.0232128 0.0339377 0.0216685 0.569117 
6.147 0.0185812 0.0261458 0.0178916 0.396361 
3.542 0.0271101 0.0298399 0.0240505 0.532132 
6.418 0.0265547 0.0476455 0.0266303 0.629777 
2.997 0.0241033 0.0298687 0.0230827 0.427765 
1.592 0.0276194 0.0393232 0.034217 0.284286 
1.535 0.0223946 0.0233708 0.0217143 0.285252 
1.553 0.0275523 0.0414701 0.0328249 0.316304 
1.062 0.0493673 0.0558748 0.0579231 0.400611 
0.08346 0.170275 0.197558 0.233393 0.32201 
0.5118 0.0796654 0.0928204 0.108489 0.22622 
0.8056 0.101785 0.12176 0.140906 0.273225 
7.117 0.0208158 0.0337835 0.0199344 0.575597 
4.907 0.0240363 0.0401303 0.0270781 0.421261 
2.148 0.0236521 0.0411839 0.027734 0.3514 
5.702 0.0193904 0.0328194 0.0195793 0.439653 
3.639 0.0176117 0.0207159 0.0168476 0.329717 
4.679 0.0201849 0.0343472 0.0199929 0.485617 
5.917 0.0215054 0.0396264 0.0239906 0.432738 
0.6586 0.0357132 0.044665 0.0448394 0.238828 
5.028 0.0283582 0.0505041 0.0315746 0.487059 
0.7258 0.0290435 0.0318422 0.033644 0.231725 
0.7305 0.0465794 0.0595257 0.0598089 0.290131 
7.371 0.0192633 0.0350378 0.0208461 0.444023 
1.275 0.0290143 0.0345644 0.0345672 0.264844 
0.1653 0.135782 0.15789 0.184179 0.331936 
0.3461 0.119964 0.147477 0.161625 0.394492 
0.08207 0.0611342 0.0762958 0.0861434 0.153642 
1.486 0.0348717 0.0541203 0.0403714 0.42852 
6.109 0.0287582 0.0438625 0.0271726 0.634828 
0.4065 0.0795447 0.0953452 0.110463 0.198472 
2.305 0.0286378 0.0387567 0.0293628 0.421358 
6.084 0.0256847 0.0440083 0.0262585 0.541112 
6.01 0.0240791 0.0400669 0.0250716 0.463688 
5.368 0.0277501 0.0406357 0.0274958 0.474406 
3.67 0.0198254 0.0317001 0.0246993 0.298474 
0.1656 0.121521 0.143483 0.167546 0.256285 
0.3663 0.147148 0.174818 0.200639 0.377744 
0.6718 0.103199 0.172488 0.144822 0.494902 
1.738 0.0475489 0.0629953 0.0649708 0.285983 
1.909 0.0276742 0.035313 0.0357409 0.228407 
5.651 0.0283762 0.0326908 0.0257208 0.497964 
1.579 0.0276335 0.0501324 0.0362733 0.307733 
5.641 0.0149502 0.0238788 0.014673 0.427816 
4.99 0.0261491 0.0483518 0.0294927 0.453608 
1.769 0.0354239 0.0466373 0.0396385 0.424619 
0.02255 0.19437 0.225557 0.266906 0.341367 
4.499 0.0293869 0.0525453 0.0294308 0.625497 
1.372 0.0351045 0.0684271 0.0494117 0.342588 
7.637 0.0287641 0.0542122 0.0295867 0.613986 
2.368 0.0286997 0.064224 0.0373509 0.425191 
0.4482 0.0536066 0.0822656 0.071876 0.290225 
0.7556 0.0406217 0.0465842 0.052956 0.195281 
5.931 0.0264993 0.0461552 0.0264652 0.568003 
4.093 0.0291883 0.0627139 0.0353202 0.51071 
1.131 0.0265343 0.0312197 0.0355418 0.141899 
6.26 0.0231579 0.0505202 0.0278359 0.470594 
1.847 0.0353413 0.0452136 0.0412923 0.359175 
5.917 0.0226291 0.0408555 0.0243858 0.460171 
6.866 0.0261193 0.0482721 0.0289154 0.480951 
1.675 0.0295631 0.0324489 0.0290798 0.353087 
0.7047 0.0837734 0.100882 0.11009 0.375943 
1.741 0.0352599 0.0461549 0.0372487 0.478268 
0.6916 0.0930918 0.108907 0.124794 0.311555 
2.036 0.0255748 0.0345239 0.0252976 0.415318 
5.931 0.0265756 0.0482778 0.0301761 0.474068 
4.366 0.0221377 0.0316654 0.0210097 0.471293 
0.5478 0.0446323 0.0618865 0.0618853 0.218729 
4.101 0.015684 0.0199942 0.0151857 0.352609 
0.1429 0.125175 0.147655 0.17305 0.25435 
0.8472 0.0712781 0.0947768 0.10011 0.359897 
0.6819 0.0372292 0.0630284 0.0480736 0.294432 
3.825 0.0233908 0.0312979 0.0212818 0.577456 
1.168 0.0588264 0.0759718 0.0815448 0.249824 
5.803 0.0178885 0.0315126 0.0187375 0.416774 
6.836 0.0244748 0.0472171 0.0262994 0.51508 
0.1747 0.147575 0.171254 0.202799 0.287455 
6.337 0.0296987 0.0635896 0.0339721 0.565743 
3.049 0.023855 0.0282781 0.0229422 0.391611 
1.98 0.0263783 0.0303678 0.0266646 0.329951 
0.3915 0.056169 0.0655966 0.0779172 0.150609 
2.009 0.0287999 0.0343219 0.0268556 0.501992 
1.731 0.045662 0.0599975 0.064004 0.238365 
6.86 0.0229352 0.0354687 0.0220721 0.528541 
4.306 0.0211378 0.0461339 0.0260781 0.435122 
2.488 0.028642 0.0393379 0.0302886 0.401889 
6.495 0.0221199 0.0470077 0.0246472 0.521719 
0.1025 0.11256 0.130833 0.154521 0.241341 
0.9322 0.027721 0.0336457 0.0367948 0.171622 
0.1945 0.113369 0.13103 0.153268 0.289697 
0.5354 0.0531626 0.0611548 0.0699223 0.20956 
5.211 0.0229648 0.0331537 0.0218648 0.474436 
0.5255 0.0245846 0.0311719 0.0317307 0.16315 
0.5968 0.111135 0.130334 0.15292 0.269056 
2.832 0.0292711 0.0428168 0.0284899 0.565225 
5.804 0.0255094 0.0447951 0.0252407 0.593892 
2.251 0.0284479 0.0626187 0.0334383 0.465616 
3.032 0.0241155 0.0473799 0.0274571 0.448102 
3.222 0.0237898 0.0397985 0.0293605 0.340633 
6.152 0.023258 0.0311489 0.0218888 0.476395 
0.8137 0.0591834 0.0872228 0.0803402 0.327018 
2.505 0.0339719 0.0706456 0.0427386 0.48026 
2.812 0.0256845 0.0403684 0.0256086 0.479304 
0.06264 0.113225 0.13453 0.156665 0.232659 
0.5686 0.0889812 0.102143 0.116003 0.353033 
4.364 0.0158013 0.0218294 0.0155197 0.360984 
4.357 0.024838 0.0348901 0.0251972 0.425381 
2.812 0.0199318 0.020284 0.0189629 0.302998 
0.7857 0.0670318 0.0839671 0.0914958 0.245843 
0.3594 0.0446649 0.0504796 0.0593482 0.170683 
1.375 0.0264901 0.0305156 0.0292757 0.284605 
3.509 0.0169178 0.0232814 0.0181023 0.309425 
7.062 0.024554 0.037003 0.0238256 0.516209 
5.98 0.0272577 0.045946 0.0270619 0.555652 
3.436 0.0212283 0.0344915 0.0259789 0.318891 
2.046 0.0389751 0.0491851 0.0511392 0.275728 
1.966 0.0339753 0.0483513 0.0462682 0.27083 
0.5948 0.0584811 0.0688201 0.0810048 0.170335 
3.355 0.0260749 0.0321089 0.0250847 0.426199 
7.492 0.0245161 0.0426551 0.0253707 0.52281 
0.3093 0.068163 0.0837197 0.0955781 0.168001 
1.508 0.0344479 0.0407009 0.039612 0.356008 
5.562 0.018772 0.0317007 0.0188123 0.452295 
1.215 0.0296499 0.0330476 0.0344701 0.252818 
7.379 0.0200045 0.0383458 0.0220246 0.453987 
5.076 0.0253393 0.0490692 0.0301955 0.461484 
1.773 0.0243788 0.0341186 0.0340866 0.186405 
2.278 0.0361182 0.0597174 0.0465996 0.441823 
4.895 0.0199409 0.0271296 0.0190903 0.404491 
2.748 0.0247689 0.0329876 0.0262034 0.359197 
6.736 0.0241129 0.0507652 0.0272889 0.520647 
3.222 0.0187972 0.0293426 0.0202593 0.429097 
1.468 0.0461751 0.0664564 0.0544354 0.500274 
2.295 0.0323677 0.0391831 0.0328776 0.449431 
2.775 0.0184544 0.029271 0.0250192 0.218544 
0.4292 0.0908966 0.10839 0.123876 0.264568 
2.847 0.0309204 0.044731 0.0302677 0.567807 
0.2224 0.0788165 0.103374 0.110492 0.236682 
2.145 0.0319045 0.0467726 0.0360535 0.429586 
3.295 0.0245499 0.0462612 0.0268965 0.489938 
5.072 0.0259085 0.0371305 0.0244164 0.533002 
2.531 0.0297326 0.0374818 0.0289857 0.437019 
3.518 0.0182921 0.0276819 0.0210131 0.30562 
2.579 0.0309095 0.0386591 0.0293725 0.537177 
4.939 0.0187301 0.0372244 0.0212045 0.440631 
0.3309 0.133142 0.171889 0.185893 0.343249 
0.3613 0.140512 0.166537 0.19355 0.312913 
3.092 0.0206718 0.023906 0.0198344 0.310056 
0.5582 0.0990384 0.118582 0.138561 0.232866 
3.949 0.0189655 0.0323177 0.0204813 0.379181 
0.3434 0.0725912 0.0888987 0.0983538 0.243198 
2.129 0.0216397 0.0275809 0.0267283 0.280301 
3.835 0.0195842 0.024626 0.0177912 0.473955 
1.309 0.028368 0.0318602 0.0336464 0.225366 
2.126 0.0278602 0.0324614 0.0276898 0.406752 
5.606 0.0197103 0.0223234 0.017778 0.388648 
1.224 0.0372466 0.0477967 0.0432536 0.352505 
0.3929 0.0357266 0.0440104 0.0480955 0.170494 
0.403 0.126322 0.145507 0.168958 0.364869 
0.52 0.134826 0.162596 0.186114 0.34511 
0.8831 0.0902715 0.107132 0.120003 0.371278 
7.786 0.0249943 0.0474545 0.026613 0.546673 
2.132 0.0283885 0.037552 0.0360684 0.272812 
1.474 0.026369 0.0349386 0.0297091 0.305206 
2.332 0.0284238 0.038526 0.0335637 0.337456 
1.123 0.0518453 0.071139 0.0647961 0.446979 
2.801 0.0206325 0.0249935 0.0218603 0.3192 
1.584 0.0321611 0.0445917 0.0373268 0.377435 
0.6836 0.046069 0.0529701 0.0584478 0.239684 
6.072 0.0219028 0.0339937 0.0211371 0.537945 
1.207 0.0276534 0.0341286 0.03317 0.251482 
7.133 0.0247309 0.0472983 0.0281078 0.490397 
6.769 0.0219394 0.0280842 0.0203484 0.453738 
3.289 0.0169603 0.0216945 0.0163559 0.349545 
4.408 0.0254811 0.0527449 0.0274772 0.564582 
1.095 0.0713155 0.0930378 0.0945729 0.375662 
7.246 0.0245695 0.0424998 0.0243503 0.580181 
7.228 0.0205932 0.033436 0.0200552 0.516043 
0.6285 0.0901574 0.109866 0.125117 0.240115 
3.769 0.0219408 0.0286299 0.0218443 0.376272 
0.4255 0.064066 0.0759654 0.0870397 0.20296 
1.327 0.0568322 0.0877895 0.0805595 0.372131 
6.464 0.0276254 0.0489269 0.0285308 0.556567 
0.2986 0.0626158 0.0756377 0.0869296 0.179981 
0.945 0.0418443 0.057618 0.0577175 0.24627 
3.481 0.020887 0.033883 0.0268891 0.288981 
3.241 0.0210351 0.0383589 0.0259177 0.390851 
2.031 0.0394286 0.0792519 0.0513745 0.481093 
0.8595 0.0571905 0.0705417 0.0747674 0.289404 
1.75 0.0257934 0.0367873 0.0301861 0.301325 
2.654 0.0330386 0.055841 0.0364403 0.509828 
0.8501 0.0334402 0.0461059 0.0450175 0.222486 
1.357 0.0330546 0.0394168 0.0353394 0.370988 
3.979 0.0232694 0.0352618 0.0235831 0.447666 
1.041 0.0525218 0.0729219 0.0704295 0.304742 
1.946 0.0294571 0.0398937 0.0317775 0.412039 
2.029 0.0276134 0.0402463 0.0307258 0.413267 
2.227 0.0247854 0.0376089 0.0283138 0.346869 
0.2653 0.122111 0.142325 0.164931 0.330747 
6.447 0.0184381 0.0278177 0.0184797 0.40372 
3.196 0.0199757 0.0298776 0.0238429 0.312079 
7.163 0.0239909 0.0452684 0.0264576 0.4733 
3.093 0.0256239 0.0398956 0.0281794 0.401865 
5.545 0.0162903 0.0237052 0.0155076 0.449411 
3.357 0.019657 0.0277143 0.0229238 0.292723 
0.00412 0.106673 0.123407 0.147944 0.  
1.271 0.0463738 0.0635134 0.0601087 0.356517 
0.2652 0.0694269 0.0858337 0.093441 0.242253 
1.209 0.0287363 0.0326342 0.0340652 0.26675 
2  0.036943 0.0601315 0.0470898 0.440887 
1.131 0.0541242 0.0621444 0.0665995 0.342185 
0.8635 0.0461911 0.0618735 0.0583149 0.312154 
0.08502 0.184509 0.215111 0.252677 0.363427 
0.507 0.0290731 0.0340778 0.03525 0.198248 
0.2415 0.109006 0.131446 0.149997 0.290119 
3.69 0.0232349 0.055493 0.0292067 0.44679 
6.081 0.017617 0.035343 0.0184302 0.544018 
0.4618 0.0668761 0.0837408 0.0912284 0.241016 
1.278 0.0316841 0.0452361 0.0451679 0.171197 
2.9 0.0219594 0.0314082 0.0263529 0.297934 
0.6734 0.0540723 0.0691309 0.0776486 0.160562 
0.5312 0.0292129 0.0321068 0.0364909 0.166261 
2.943 0.0296818 0.0488279 0.0292857 0.598309 
3.232 0.0209595 0.0365781 0.0270003 0.322422 
1.027 0.0769289 0.0885255 0.101113 0.313892 
7.161 0.0222781 0.0466749 0.0239872 0.546899 
2.497 0.0219256 0.0230156 0.0207746 0.306499 
0.5965 0.0746056 0.117521 0.103215 0.369959 
5.659 0.0283909 0.0445003 0.0291095 0.4969 
1.13 0.0506266 0.063545 0.0626281 0.383493 
0.1056 0.104916 0.122078 0.145333 0.207613 
2.706 0.0225829 0.0256647 0.0218506 0.397327 
0.5775 0.0750409 0.0930234 0.0970322 0.385628 
5.038 0.0181497 0.0214121 0.0167584 0.356992 
2.634 0.0254221 0.0525539 0.0349263 0.338904 
2.524 0.0271415 0.041476 0.0276852 0.498418 
0.9611 0.0303734 0.0401501 0.0397778 0.201241 
0.3209 0.0365661 0.0530019 0.0498047 0.180616 
0.09207 0.0616355 0.0709476 0.0848956 0.15677 
0.3916 0.0396333 0.0471041 0.0533381 0.163672 
2.739 0.0283751 0.0429365 0.0281676 0.559688 
4.696 0.0239966 0.0416226 0.0244128 0.498758 
1.5 0.0444108 0.0630925 0.052368 0.502589 
4.095 0.0187585 0.0346844 0.0232582 0.334735 
0.6285 0.0339704 0.0383923 0.0407942 0.222721 
6.777 0.0291514 0.0497352 0.0315166 0.513024 
7.542 0.0255991 0.0395012 0.0248962 0.532221 
5.002 0.0216216 0.044635 0.0237515 0.477185 
5.565 0.01852 0.0300434 0.0197859 0.381614 
3.836 0.0199518 0.0344267 0.0241183 0.334541 
0.2613 0.136876 0.162271 0.186486 0.348978 
3.644 0.0190034 0.0256369 0.018151 0.385223 
3.699 0.0199996 0.0235723 0.0189203 0.377871 
2.078 0.0384059 0.0554902 0.0541031 0.26862 
2.813 0.0207751 0.0264471 0.0239131 0.315251 
1.718 0.0426489 0.0803345 0.0564071 0.45796 
0.2584 0.0439812 0.0521239 0.0594408 0.164913 
1.567 0.0395236 0.0457265 0.0451902 0.406286 
0.8992 0.0570895 0.0721616 0.0744428 0.321526 
1.016 0.0377751 0.0575966 0.0476334 0.336288 
3.155 0.0195207 0.0242018 0.0190868 0.335412 
4.224 0.0229814 0.0409907 0.0242694 0.472113 
3.736 0.0156368 0.0168591 0.0148355 0.279963 
0.2638 0.166956 0.193936 0.227531 0.363108 
7.996 0.0225325 0.0443935 0.0235239 0.561612 
3.88 0.0183612 0.02425 0.0182042 0.348904 
0.6068 0.0418876 0.0512782 0.0568978 0.178788 
0.5033 0.0787397 0.100144 0.111123 0.302907 
4.319 0.018116 0.0323009 0.0220265 0.324421 
0.8119 0.103495 0.128711 0.139598 0.411672 
1.018 0.0525237 0.066101 0.0694025 0.280048 
1.389 0.03309 0.0386581 0.0405793 0.254491 
7.762 0.0246894 0.0451661 0.025328 0.567728 
7.2 0.0273466 0.0598044 0.0304095 0.606164 
4.631 0.0230287 0.0306521 0.0221962 0.411811 
7.332 0.0239595 0.0378692 0.0235618 0.535236 
1.008 0.0627019 0.121805 0.0889323 0.423241 
7.478 0.0184525 0.0320047 0.0183666 0.524688 
6.017 0.0319581 0.0669738 0.0361651 0.597264 
0.4456 0.0326784 0.0433227 0.0444504 0.163921 
5.644 0.0218125 0.0308877 0.0213657 0.414592 
0.8182 0.0259293 0.0357331 0.0322795 0.208716 
0.05401 0.194297 0.225468 0.266735 0.345523 
1.539 0.0192878 0.0278049 0.0225705 0.254858 
2.246 0.0281114 0.0514064 0.0383248 0.352775 
6.523 0.0247498 0.0485544 0.0291434 0.458745 
1.692 0.0319778 0.0430199 0.0406046 0.278507 
0.3933 0.0590865 0.0708221 0.0769313 0.278212 
0.08876 0.175775 0.203721 0.240514 0.338661 
0.5254 0.115649 0.139457 0.157414 0.359846 
0.5005 0.0768934 0.0894405 0.100482 0.317415 
4.106 0.0144042 0.0180419 0.014144 0.290957 
5.791 0.0276346 0.042616 0.0283812 0.490751 
2.595 0.0277042 0.0355866 0.0274027 0.402799 
3.184 0.0158043 0.0195068 0.016207 0.259849 
0.468 0.0515625 0.0591904 0.0690131 0.182621 
3.787 0.0211136 0.0348443 0.0244555 0.36483 
3.097 0.0278936 0.0425678 0.0321933 0.391442 
0.4306 0.119517 0.142325 0.164775 0.282231 
0.6612 0.0738545 0.0868468 0.0976735 0.282262 
4.05 0.0212299 0.0326687 0.020569 0.52434 
1.804 0.0314265 0.034833 0.0352998 0.286641 
0.9845 0.0311934 0.0349687 0.0369931 0.244056 
2.105 0.0290444 0.0417347 0.031844 0.383302 
1.927 0.027784 0.0552665 0.0378765 0.304144 
6.567 0.0246374 0.0430154 0.0256127 0.517478 
0.9334 0.0286996 0.04949 0.0395617 0.196086 
0.03912 0.197679 0.229774 0.270575 0.368775 
2.474 0.0241312 0.0347834 0.0270497 0.342131 
1.113 0.0289006 0.0334206 0.0383003 0.147647 
4.04 0.0236566 0.0313644 0.0236096 0.384845 
4.023 0.0281477 0.0450182 0.0275521 0.545066 
1.791 0.0399758 0.0759006 0.0495945 0.479543 
7.226 0.0235588 0.0392289 0.0229458 0.586442 
1.831 0.0240929 0.0376157 0.0270287 0.353586 
1.648 0.0278844 0.0300803 0.0294058 0.294314 
2.552 0.0242757 0.0315266 0.0270754 0.336078 
3.648 0.0276352 0.0484975 0.0317914 0.454348 
7.612 0.022931 0.0389979 0.0235539 0.487294 
0.8138 0.056827 0.070281 0.077706 0.213436 
7.934 0.0244921 0.0368224 0.0234712 0.543183 
0.8502 0.10492 0.131331 0.144041 0.353194 
6.228 0.0193716 0.0374 0.0210084 0.469656 
3.902 0.028241 0.0550257 0.0312427 0.500825 
2.263 0.0247083 0.0290302 0.0276413 0.362472 
5.541 0.0239758 0.0309947 0.0220491 0.475792 
0.496 0.103504 0.121516 0.14247 0.249156 
5.455 0.0276192 0.04436 0.0264878 0.622578 
3.266 0.0214344 0.0288408 0.0206846 0.459355 
2.64 0.0323529 0.0626353 0.0379536 0.456837 
0.318 0.173949 0.206001 0.240944 0.351443 
5.497 0.0214326 0.0339343 0.0223508 0.423098 
0.08323 0.0642766 0.0746642 0.0891157 0.155236 
1.835 0.0375509 0.0591079 0.0448514 0.471184 
2.022 0.0328952 0.0333899 0.0326787 0.381362 
5.401 0.0202476 0.0467946 0.0253216 0.447763 
4.521 0.021869 0.0421479 0.0236938 0.503458 
1.598 0.0284568 0.0348796 0.0320411 0.306409 
0.2752 0.0416097 0.0464318 0.0545362 0.159682 
0.7724 0.0354467 0.0467019 0.0428444 0.30862 
5.432 0.0266471 0.0448679 0.0291718 0.459507 
4.453 0.0243708 0.0267409 0.0219733 0.412438 
0.3881 0.0819235 0.101963 0.113352 0.25653 
1.146 0.0410236 0.0532493 0.0534684 0.263481 
3.29 0.0230422 0.0467022 0.0277903 0.419412 
4.717 0.017755 0.0331471 0.0209324 0.363068 
4.294 0.0227724 0.0376801 0.0238568 0.458956 
4.597 0.0288677 0.0354299 0.0270502 0.4851 
0.07071 0.0928132 0.108846 0.128524 0.200229 
4.276 0.0263577 0.0387116 0.0249531 0.525428 
0.2971 0.139465 0.174271 0.192359 0.375043 
4.049 0.034739 0.0775667 0.0394589 0.628372 
0.08639 0.0940381 0.109632 0.130839 0.185375 
0.2632 0.0542745 0.0616542 0.0730959 0.16882 
2.571 0.0180704 0.0261762 0.0204354 0.275966 
4.132 0.0182509 0.0244357 0.0173674 0.379155 
0.1737 0.0447215 0.0644643 0.0639886 0.147108 
0.1173 0.199809 0.234529 0.273332 0.397795 
2.285 0.0273812 0.036796 0.0266295 0.482988 
4.594 0.014744 0.01711 0.0137287 0.333165 
1.608 0.029033 0.0371948 0.0321597 0.348885 
1.845 0.0184381 0.0217968 0.02024 0.233496 
1.738 0.033195 0.045864 0.0427641 0.325026 
4.819 0.0147803 0.0233137 0.0146989 0.418647 
1.069 0.0844722 0.101426 0.115382 0.301872 
2.505 0.0297969 0.0514775 0.0305247 0.540409 
0.1114 0.0416453 0.0476759 0.0581496 0.117698 
0.6696 0.0589009 0.0713826 0.0772868 0.267528 
4.527 0.0265207 0.0369211 0.0262109 0.471569 
0.4596 0.0710917 0.0816848 0.0923163 0.280928 
0.7989 0.0527364 0.064144 0.0655827 0.338629 
3.757 0.0258278 0.038383 0.0288738 0.389993 
3.241 0.0180514 0.027522 0.0215341 0.268202 
4.109 0.0251127 0.0367212 0.0242078 0.499642 
1.32 0.0274986 0.0319226 0.0363157 0.156506 
6.864 0.0224983 0.0421813 0.0240548 0.488357 
0.9048 0.0394533 0.0489375 0.0551673 0.158849 
3.889 0.0210188 0.0245357 0.019773 0.364815 
0.438 0.0441594 0.0568569 0.0635764 0.129856 
5.835 0.0238901 0.050407 0.0268814 0.542648 
0.9791 0.0612769 0.0700692 0.0773655 0.347473 
2.096 0.0263783 0.0400602 0.0291693 0.35972 
3.285 0.0185693 0.0287319 0.0215571 0.323938 
0.147 0.12926 0.150629 0.177783 0.265105 
6.559 0.0249692 0.0398084 0.0249836 0.490777 
0.2779 0.039492 0.0462897 0.0531448 0.159919 
0.4869 0.0618648 0.0739599 0.0809706 0.274211 
1.247 0.073071 0.0871891 0.0976204 0.317947 
2.998 0.0268058 0.0444766 0.0281347 0.445049 
0.1417 0.0356758 0.0413166 0.0508926 0.0966117 
2.135 0.0301367 0.0645545 0.0389942 0.39833 
0.6627 0.0489967 0.0675528 0.0699569 0.240455 
5.223 0.0233733 0.028852 0.021446 0.441419 
2.729 0.0267948 0.0345989 0.0261417 0.431481 
2.829 0.0309141 0.0475265 0.0307327 0.564037 
0.2015 0.0856164 0.102062 0.119519 0.18564 
1.757 0.0224596 0.0300752 0.0298332 0.190249 
0.05538 0.126068 0.146227 0.173607 0.24501 
5.108 0.0230536 0.0265793 0.021041 0.41968 
1.586 0.0314067 0.0392562 0.0350585 0.353426 
4.795 0.0166727 0.0288737 0.0176108 0.414402 
4.447 0.0240771 0.0363303 0.0245758 0.455266 
2.122 0.0307243 0.048799 0.034128 0.479483 
4.45 0.0245033 0.0324956 0.0226602 0.518007 
0.8951 0.07476 0.0903744 0.0985674 0.347152 
1.462 0.0469139 0.0585709 0.0576673 0.394651 
1.51 0.0258827 0.0319081 0.0340769 0.17978 
1.162 0.0579699 0.0691322 0.0776702 0.247224 
0.2789 0.100425 0.118808 0.139033 0.221029 
0.2171 0.0765903 0.0953627 0.106003 0.217262 
5.888 0.0208828 0.0399101 0.0222459 0.483275 
1.532 0.0391398 0.0481014 0.0495692 0.323715 
0.07635 0.200386 0.232606 0.274725 0.36327 
0.8436 0.0799209 0.119888 0.113086 0.402806 
2.68 0.0258032 0.0388526 0.0355805 0.259054 
4.039 0.0201932 0.031155 0.02077 0.408848 
0.1313 0.102096 0.119628 0.141801 0.203824 
0.632 0.0431321 0.060849 0.0539285 0.317825 
1.865 0.0542817 0.0670608 0.0729396 0.297182 
0.05446 0.200025 0.2322 0.274387 0.357869 
5.084 0.020344 0.0485492 0.0237283 0.5067 
3.217 0.0306915 0.055697 0.0320474 0.615281 
0.5967 0.11733 0.151568 0.16499 0.395675 
1.361 0.0329283 0.0423484 0.0389735 0.294246 
1.217 0.0365824 0.0390044 0.0415603 0.298943 
0.7548 0.0569153 0.0750877 0.0770323 0.311445 
7.431 0.0285101 0.0572864 0.030044 0.635741 
1.893 0.0324781 0.0682603 0.0420288 0.428485 
4.966 0.0182043 0.0234023 0.0167831 0.453696 
0.7719 0.0984055 0.119237 0.137215 0.261404 
5.401 0.0241977 0.0411592 0.0259779 0.457683 
1.246 0.0318003 0.0459233 0.0425048 0.275844 
2.69 0.0295942 0.054408 0.0416089 0.359899 
0.9634 0.0525047 0.0627411 0.0722611 0.193062 
4.466 0.0279114 0.0448336 0.0271228 0.600464 
3.516 0.0239245 0.0359718 0.0233066 0.492487 
2.118 0.0180415 0.0267978 0.0213397 0.288801 
5.748 0.0202234 0.0398067 0.0234064 0.42483 
0.4538 0.09473 0.125116 0.129249 0.340067 
0.751 0.0650334 0.0791537 0.0888351 0.228371 
0.3209 0.060341 0.0694504 0.081218 0.19253 
6.995 0.0203403 0.0347237 0.0206108 0.469169 
1.962 0.0331736 0.0430347 0.0352115 0.488463 
1.771 0.0322985 0.0475042 0.0383179 0.351991 
2.436 0.0290686 0.0512424 0.0410818 0.316508 
1.159 0.0512338 0.0603994 0.0604494 0.450411 
3.173 0.0230359 0.0343661 0.0276472 0.308663 
0.1858 0.160143 0.186173 0.219248 0.324952 
6.565 0.017412 0.0339058 0.0184027 0.464029 
0.9643 0.0503683 0.0687206 0.0652851 0.325344 
3.861 0.0175821 0.0229223 0.0169439 0.359087 
4.135 0.0283272 0.0398264 0.0284704 0.44353 
4.684 0.0249036 0.0456537 0.025445 0.566448 
0.1737 0.167261 0.19514 0.229058 0.339075 
2.519 0.030814 0.0476302 0.0324039 0.575378 
0.03155 0.029109 0.0336727 0.0425974 0.0771223 
1.491 0.0349744 0.0486445 0.04533 0.293314 
7.344 0.0222827 0.0360112 0.0213383 0.59498 
5.643 0.0270747 0.0417497 0.0268184 0.535406 
5.162 0.0209109 0.0373301 0.0239294 0.399141 
3.048 0.0356739 0.086537 0.04442 0.612913 
7.847 0.0271321 0.05239 0.0290588 0.570245 
0.2346 0.0497618 0.0580459 0.0692506 0.137966 
0.4557 0.0441081 0.0541138 0.0570831 0.237512 
4.046 0.0268743 0.033023 0.0243459 0.539685 
1.324 0.0396949 0.0663277 0.0525665 0.36489 
0.8574 0.0479911 0.0556676 0.0595752 0.278389 
1.78 0.0266915 0.0367778 0.0333448 0.287926 
0.8571 0.0540907 0.0684599 0.0761546 0.177275 
3.679 0.0305127 0.0527731 0.0317885 0.516785 
2.47 0.0296088 0.0310595 0.0279148 0.455911 
3.818 0.0272833 0.0676988 0.0333835 0.519512 
2.762 0.0207176 0.0307258 0.0246142 0.298837 
7.901 0.0262872 0.0520283 0.0275114 0.634248 
0.2654 0.0598733 0.0693682 0.0812597 0.17738 
0.9293 0.0512894 0.0844079 0.0700454 0.327111 
3.156 0.0276128 0.0483271 0.0348295 0.374939 
0.6586 0.0509704 0.0647228 0.0699966 0.20595 
5.266 0.0164057 0.0187851 0.0150485 0.325955 
0.2794 0.0928106 0.11528 0.128272 0.247872 
0.01821 0.0483273 0.0557037 0.0687098 0.105965 
0.07285 0.0297847 0.0373679 0.0430911 0.0951793 
0.1221 0.0949033 0.110307 0.129606 0.233642 
3.511 0.0229364 0.0286751 0.0218052 0.400858 
6.24 0.0235947 0.0389611 0.0246581 0.473872 
1.796 0.0334024 0.0631587 0.0449739 0.361425 
6.39 0.0197726 0.0323523 0.0195753 0.463683 
2.774 0.0218466 0.027517 0.0223945 0.370697 
0.569 0.085945 0.0994191 0.111637 0.371662 
3.516 0.020872 0.0297481 0.0215392 0.420061 
0.159 0.0860638 0.0999058 0.118205 0.205948 
4.324 0.0218246 0.0296291 0.0214205 0.394887 
0.2753 0.0852765 0.100674 0.118806 0.186311 
2.917 0.0232973 0.025882 0.022089 0.369571 
2.844 0.0196267 0.0267157 0.0209235 0.330032 
5.467 0.0274405 0.0543473 0.0307701 0.550263 
2.533 0.0252312 0.0290195 0.027004 0.339148 
6.972 0.0247598 0.0416184 0.0243655 0.582699 
3.327 0.0188172 0.0232444 0.0186352 0.351725 
0.2004 0.0684527 0.0792682 0.0935489 0.189306 
0.6231 0.0918973 0.113638 0.125507 0.306644 
0.4339 0.0696499 0.0843561 0.0925591 0.284435 
0.8176 0.0342831 0.0434822 0.0458131 0.186568 
0.4854 0.0861238 0.126271 0.116692 0.37787 
2.29 0.0223216 0.0229658 0.0228957 0.259063 
3.477 0.0297667 0.0428018 0.0311412 0.441358 
1.481 0.0488375 0.0583186 0.0638539 0.306029 
0.992 0.0328564 0.0466827 0.0436727 0.221408 
5.007 0.0182739 0.0286159 0.0181561 0.411813 
0.2451 0.103333 0.122266 0.141494 0.252835 
0.6077 0.0533774 0.0695819 0.0724263 0.228278 
0.1426 0.121428 0.141003 0.165157 0.286684 
2.542 0.0293863 0.0547172 0.0325179 0.461446 
0.3438 0.146279 0.173262 0.201075 0.320567 
4.864 0.024787 0.0300137 0.0227879 0.470141 
6.994 0.0212529 0.037261 0.0211431 0.559867 
5.632 0.0254305 0.0442375 0.0280537 0.460759 
5.251 0.0281878 0.0412288 0.0273294 0.53925 
0.3806 0.0944193 0.114412 0.128641 0.293375 
1.56 0.047422 0.0564706 0.0577283 0.426483 
1.151 0.0570531 0.0683227 0.07619 0.245106 
3.075 0.0201837 0.0321249 0.0225162 0.33764 
0.1164 0.0635901 0.0737672 0.0878505 0.162611 
1.933 0.0271232 0.0373154 0.0304976 0.364938 
0.08333 0.119422 0.140982 0.164962 0.251769 
1.694 0.0384639 0.0430354 0.0445387 0.379277 
0.2915 0.0564743 0.0663178 0.0789527 0.143654 
6.367 0.0257051 0.0532361 0.0273867 0.588899 
4.788 0.0206521 0.0308293 0.0215323 0.388398 
1.61 0.041889 0.0594318 0.057135 0.348296 
3.235 0.0291149 0.0362973 0.0279344 0.447684 
0.9985 0.0659335 0.0914291 0.0896149 0.366489 
2.736 0.0262309 0.0486393 0.0350682 0.365228 
6.807 0.0304239 0.0545728 0.0309796 0.61033 
0.05283 0.0540248 0.0624777 0.0762014 0.119599 
1.951 0.0398943 0.04726 0.0519434 0.267868 
2.776 0.0260038 0.044141 0.0307411 0.396094 
0.2989 0.0294583 0.0346465 0.0388454 0.154211 
1.519 0.0326293 0.039043 0.0392532 0.282877 
2.302 0.034427 0.0565982 0.0452581 0.3848 
0.4754 0.123671 0.147087 0.168096 0.340424 
1.143 0.046674 0.0760407 0.0661579 0.364167 
5.346 0.0200043 0.0434256 0.0228541 0.438315 
0.4331 0.113816 0.13666 0.15326 0.366766 
0.407 0.0813537 0.0956117 0.110444 0.243557 
1.603 0.0375972 0.0601959 0.0437495 0.484728 
5.237 0.0275043 0.0489611 0.0288159 0.542038 
0.8661 0.0323939 0.0666648 0.04447 0.250146 
1.145 0.0382988 0.0488274 0.0467492 0.319719 
0.7806 0.0709612 0.100969 0.0957084 0.374616 
6.521 0.0255493 0.0407132 0.0257849 0.487377 
2.903 0.0297091 0.0512344 0.0311415 0.52436 
1.256 0.0514944 0.0765228 0.0718767 0.382548 
0.3467 0.0713159 0.0847816 0.0971916 0.210064 
1.938 0.0284452 0.0361191 0.0329907 0.369795 
1.103 0.0341688 0.0558196 0.0425659 0.369976 
3.928 0.0207203 0.0292197 0.0198786 0.449445 
7.043 0.0253104 0.0518314 0.0270829 0.616865 
5.345 0.0220393 0.0339566 0.0216054 0.475639 
3.707 0.0205742 0.0363589 0.0225787 0.389289 
1.301 0.0404067 0.0640468 0.0543128 0.298017 
1.051 0.0287801 0.0342717 0.0399796 0.134255 
2.152 0.0266434 0.0551066 0.0372115 0.34782 
2.622 0.0210725 0.0399521 0.0301499 0.252789 
1.285 0.0516032 0.0638551 0.0647111 0.373102 
1.94 0.0390289 0.0547929 0.0481858 0.398386 
0.4237 0.0660705 0.0781053 0.0882801 0.241716 
6.996 0.025202 0.0454065 0.0275168 0.478361 
6.867 0.0243463 0.0353247 0.0230965 0.521732 
0.6486 0.0663536 0.0755958 0.0857973 0.292183 
0.7909 0.0454792 0.0509823 0.05764 0.234017 
0.01536 0.173152 0.200448 0.237739 0.310207 
5.036 0.0280891 0.0478554 0.0276335 0.651354 
0.2308 0.131668 0.16457 0.181871 0.333583 
4.861 0.0255125 0.0451938 0.0263743 0.539296 
5.474 0.0233095 0.0435489 0.0270878 0.435366 
0.804 0.0413968 0.0502579 0.0530527 0.262801 
5.355 0.02216 0.0461733 0.0269315 0.414046 
3.733 0.0179071 0.0284643 0.0195205 0.349313 
6.14 0.0279036 0.0438694 0.0276667 0.519855 
0.9076 0.0554578 0.0644182 0.0709627 0.323434 
2.018 0.0277408 0.0341192 0.0272079 0.370005 
2.232 0.0237566 0.0274559 0.0251384 0.301127 
6.657 0.0225539 0.0364046 0.0216125 0.595655 
3.333 0.0281344 0.0425466 0.0275668 0.552583 
2.981 0.0281066 0.0467823 0.0284081 0.536836 
2.955 0.0244824 0.0474921 0.0266208 0.481175 
0.2777 0.11735 0.135373 0.157162 0.342182 
6.023 0.0223961 0.039107 0.0247652 0.433521 
0.7265 0.102225 0.120354 0.137395 0.347629 
0.6904 0.0488784 0.0564123 0.064209 0.212256 
1.453 0.0326595 0.036019 0.0347352 0.353009 
1.96 0.0263776 0.0413461 0.035135 0.310423 
4.312 0.0213761 0.0286458 0.0212026 0.386878 
1.502 0.0382351 0.0647185 0.0477602 0.420702 
0.2452 0.150134 0.186899 0.207509 0.386513 
2.751 0.0246643 0.047905 0.0330016 0.347384 
3.363 0.0220718 0.023815 0.0210596 0.329616 
4.937 0.0235552 0.0376299 0.0226359 0.584387 
1.129 0.0574803 0.0629264 0.0695415 0.357956 
1.837 0.0365602 0.0726746 0.045349 0.462976 
3.622 0.0326561 0.0766153 0.0427238 0.483646 
6.075 0.0262402 0.0451128 0.0279869 0.485039 
3.132 0.0300256 0.0653314 0.0388798 0.482237 
2.421 0.022873 0.0243626 0.0219574 0.303619 
0.4378 0.036276 0.048628 0.0521184 0.169517 
0.3251 0.0444086 0.0512231 0.0617177 0.125186 
3.746 0.0259836 0.0288256 0.0235234 0.425039 
5.415 0.0216395 0.0304567 0.0203972 0.48281 
0.8385 0.0715136 0.100195 0.09546 0.416217 
0.8299 0.0461947 0.0569764 0.0586707 0.28695 
1.534 0.046689 0.06779 0.0658702 0.280745 
1.038 0.0332787 0.0657378 0.0436364 0.349159 
2.103 0.0297993 0.0403031 0.0291169 0.507506 
2.582 0.0334725 0.0529935 0.0392749 0.447743 
7.441 0.0283856 0.0572833 0.031142 0.590798 
7.007 0.0210021 0.0307605 0.0205897 0.448688 
2.411 0.0261953 0.0327912 0.0283895 0.354655 
0.7521 0.0388323 0.048571 0.0507744 0.222587 
0.1299 0.129319 0.150379 0.178456 0.249061 
0.2937 0.0596034 0.0683133 0.0798797 0.190411 
1.33 0.0320245 0.0350601 0.0336264 0.336521 
2.156 0.0291721 0.0581594 0.0383514 0.35994 
3.073 0.0170326 0.0230204 0.0176536 0.295287 
1.888 0.0255665 0.0372536 0.026636 0.385609 
0.5794 0.0937117 0.110227 0.128934 0.244925 
0.08531 0.122805 0.144563 0.169754 0.245215 
1.319 0.0428925 0.0505553 0.0524358 0.341085 
0.08107 0.120599 0.140631 0.166989 0.227391 
3.868 0.0263634 0.0274081 0.0235642 0.403757 
0.5288 0.0649292 0.0791622 0.0879411 0.234855 
6.696 0.0181839 0.026938 0.0178405 0.421834 
4.256 0.0234541 0.0311365 0.0228094 0.421318 
0.08654 0.0751327 0.0870722 0.104823 0.155325 
7.654 0.0217601 0.0473496 0.0239832 0.544867 
0.9004 0.0250607 0.0277814 0.0269118 0.251676 
4.368 0.0322623 0.0611021 0.0388779 0.476447 
3.549 0.0258439 0.0434858 0.0276325 0.481121 
3.091 0.0220278 0.0264368 0.0242006 0.308147 
2.209 0.0308583 0.0437785 0.0391024 0.325672 
0.8408 0.0650987 0.0814484 0.0889569 0.257456 
0.5794 0.075791 0.0934042 0.10223 0.290344 
6.955 0.0178865 0.030143 0.0187034 0.398929 
1.184 0.0350432 0.0409487 0.0409701 0.33602 
1.633 0.0357836 0.0568856 0.0483304 0.356847 
0.4134 0.0688667 0.0941399 0.0962256 0.269974 
0.6133 0.106102 0.128016 0.143584 0.349286 
0.03381 0.149096 0.173719 0.205166 0.279117 
3.365 0.016904 0.02336 0.016975 0.342123 
0.2155 0.133972 0.155426 0.184312 0.268195 
1.789 0.0329058 0.0433778 0.0413346 0.28784 
1.123 0.0484532 0.0669854 0.0610227 0.39591 
6.381 0.0255297 0.0439271 0.0251576 0.591539 
5.21 0.0261846 0.042719 0.0277918 0.446158 
0.4039 0.15418 0.180258 0.211025 0.347975 
2.427 0.0223946 0.0382409 0.0308482 0.272975 
0.8155 0.0708683 0.0929642 0.0987875 0.304315 
2.889 0.0198377 0.0297265 0.0241136 0.263696 
0.0776 0.144862 0.167895 0.1989 0.279686 
3.27 0.0176105 0.0233914 0.0186299 0.408159 
0.7437 0.0519489 0.0611553 0.0663173 0.282235 
0.1015 0.194456 0.225824 0.265222 0.393686 
2.865 0.0178595 0.0327964 0.0202738 0.334117 
0.8857 0.0449395 0.0591058 0.0584687 0.302942 
5.744 0.0210207 0.0313195 0.0207745 0.418507 
1.512 0.0357864 0.0541532 0.0457667 0.357382 
4.396 0.0269641 0.0441341 0.0264594 0.578728 
3.876 0.0259078 0.0367435 0.0254741 0.488319 
0.7313 0.0774682 0.0992879 0.101017 0.403189 
1.313 0.0183901 0.0247492 0.0245047 0.155947 
4.702 0.0289997 0.0516051 0.0312325 0.52063 
3.105 0.0159226 0.0291848 0.0177924 0.311489 
5.176 0.0279035 0.0579801 0.0299542 0.627704 
0.4936 0.0935122 0.110488 0.12918 0.229956 
0.2532 0.137017 0.159175 0.18483 0.351007 
2.459 0.0216841 0.0290305 0.0269511 0.262521 
5.439 0.0192861 0.0332371 0.0207106 0.414953 
5.228 0.0256731 0.052704 0.0273121 0.573152 
7.241 0.0284134 0.0493402 0.0296124 0.532961 
1.706 0.0376415 0.0579016 0.0448805 0.41647 
1.409 0.0463656 0.0591824 0.0661047 0.19628 
2.027 0.0317616 0.0417529 0.03758 0.340925 
5.58 0.0204315 0.0352113 0.021135 0.44702 
1.218 0.0295062 0.0395309 0.0421048 0.148612 
6.588 0.0280759 0.0492705 0.0307061 0.496468 
0.9179 0.0229148 0.023521 0.0247017 0.21451 
0.2515 0.121914 0.142353 0.168057 0.252837 
2.996 0.0257317 0.0388832 0.0257165 0.469315 
0.4434 0.0564422 0.0708108 0.0750335 0.257281 
4.306 0.014533 0.0242232 0.014616 0.45316 
0.09076 0.193193 0.225466 0.263561 0.390547 
3.757 0.0180551 0.031546 0.0214601 0.312666 
2.843 0.0291038 0.060348 0.0354255 0.455318 
0.786 0.0669218 0.0895219 0.0924672 0.348231 
7.292 0.019909 0.0343061 0.0204308 0.473056 
0.9428 0.0279531 0.0372536 0.0313695 0.264249 
2.429 0.0315311 0.0611865 0.0341261 0.56547 
7.338 0.0198314 0.0309202 0.0195264 0.470809 
1.54 0.0333367 0.042013 0.0345756 0.459644 
1.417 0.0453458 0.0545842 0.0560111 0.344944 
0.5574 0.0829755 0.116556 0.11208 0.400857 
4.591 0.0285036 0.063407 0.0339682 0.513097 
1.331 0.0434627 0.0517724 0.0526344 0.332778 
6.273 0.0296871 0.0505547 0.0320143 0.513382 
5.754 0.0225358 0.0357968 0.021884 0.53398 
0.6416 0.0388092 0.0463807 0.0519449 0.175373 
1.214 0.0694006 0.0850414 0.0939667 0.288537 
0.2521 0.0486766 0.0566489 0.0644235 0.195735 
2.331 0.0246771 0.0328154 0.0272116 0.317369 
6.889 0.0243869 0.0396248 0.0243784 0.50262 
4.428 0.0343296 0.0702926 0.0420192 0.536495 
2.525 0.0182646 0.0222712 0.0207259 0.260948 
1.74 0.0315753 0.0374548 0.0326669 0.376612 
2.378 0.0271201 0.0379 0.0352693 0.276618 
6.06 0.0275127 0.0416305 0.0260153 0.592442 
2.229 0.0247656 0.0351098 0.0324281 0.238959 
7.91 0.0271405 0.0492102 0.0277265 0.586884 
0.3623 0.0451581 0.0539821 0.0637606 0.12605 
2.292 0.0305016 0.0629364 0.034144 0.524792 
1.315 0.0475013 0.0591775 0.0621686 0.291039 
1.608 0.0310412 0.037254 0.0406501 0.193884 
3.587 0.0297952 0.0593038 0.0343963 0.522372 
5.848 0.0313238 0.061195 0.0342986 0.608573 
7.762 0.0266025 0.054809 0.0287739 0.60222 
7.734 0.0202934 0.0350464 0.0208006 0.469197 
0.789 0.0530943 0.0677744 0.0735753 0.200789 
1.737 0.0431574 0.0987917 0.057471 0.509269 
1.321 0.0289522 0.0436173 0.0359806 0.276923 
3.44 0.0156987 0.0297268 0.0189796 0.340814 
6.395 0.0250608 0.0334922 0.023727 0.467966 
5.999 0.0190055 0.0298799 0.0188279 0.440326 
2.615 0.0294535 0.0573185 0.0398481 0.39145 
3.88 0.0224915 0.0260487 0.0207056 0.390442 
3.169 0.0292742 0.0478002 0.0305268 0.533059 
4.179 0.0226773 0.027014 0.0211539 0.378277 
4.828 0.0258918 0.0327537 0.0242542 0.439525 
1.045 0.0604853 0.0728566 0.0798835 0.282214 
0.1035 0.131294 0.152233 0.180691 0.253512 
0.3727 0.0667727 0.0861654 0.0920936 0.243126 
1.276 0.0279605 0.0336353 0.0367762 0.174288 
2.719 0.0302204 0.0745298 0.0366914 0.529683 
1.108 0.0488303 0.0586939 0.0661951 0.205799 
0.09224 0.0309903 0.0357294 0.0447064 0.0860993 
2.6 0.0297068 0.0339922 0.0281209 0.44685 
0.4702 0.0405471 0.0492846 0.0571475 0.127769 
4.344 0.0283803 0.0380954 0.0266167 0.515562 
0.4581 0.110276 0.12965 0.152256 0.253747 
1.837 0.0249875 0.0307662 0.0294646 0.279051 
3.311 0.0283723 0.0552132 0.0339048 0.484972 
1.164 0.0518838 0.0685996 0.0677674 0.338952 
0.2815 0.136006 0.160505 0.187229 0.294655 
0.6484 0.0604583 0.0747627 0.0804406 0.272002 
0.4996 0.0820187 0.125352 0.116779 0.321601 
2.586 0.0164676 0.027006 0.0193102 0.315268 
3.914 0.0153271 0.0213914 0.0157638 0.316195 
1.35 0.0364538 0.0661758 0.0518876 0.346097 
4.186 0.0240111 0.042438 0.0241402 0.545753 
2.332 0.0309757 0.0527071 0.043047 0.343204 
1.841 0.0232108 0.0367772 0.0308996 0.232523 
7.178 0.0187705 0.029691 0.0183609 0.457216 
3.191 0.0282042 0.0688024 0.0343299 0.524922 
1.287 0.032784 0.0458152 0.0424196 0.261006 
1.204 0.0343184 0.0451606 0.0416938 0.303863 
2.736 0.0281313 0.0333942 0.0271479 0.414298 
0.4539 0.0715191 0.084191 0.0981154 0.197475 
5.509 0.0246779 0.0512228 0.0272603 0.549211 
0.4539 0.136976 0.16097 0.187822 0.320491 
1.457 0.0302091 0.0467949 0.0390548 0.291081 
1.563 0.0323815 0.035822 0.0337032 0.373094 
0.7896 0.0733469 0.089699 0.100045 0.253904 
1.438 0.0332255 0.0434546 0.0402463 0.303598 
0.6584 0.0310571 0.0532621 0.0442049 0.225266 
0.2866 0.063454 0.0742902 0.0888667 0.148141 
0.8775 0.0626642 0.0766836 0.0787501 0.4008 
2.385 0.0245952 0.0332218 0.0247847 0.384048 
0.1798 0.163239 0.195038 0.222926 0.378293 
0.9186 0.0559354 0.0677609 0.0769556 0.202053 
1.612 0.0305592 0.0351301 0.0334071 0.328299 
2.6 0.0151061 0.0266333 0.0182371 0.280914 
7.989 0.0263553 0.0560225 0.02852 0.632684 
4.79 0.0182499 0.0286379 0.019034 0.380305 
1.698 0.0336397 0.0332775 0.0344156 0.355425 
1.933 0.0325926 0.0404383 0.0378848 0.369236 
0.7768 0.0786474 0.111016 0.106903 0.411391 
7.496 0.0239458 0.0429003 0.0239125 0.583706 
0.2581 0.116454 0.137395 0.160742 0.256433 
0.4264 0.0495086 0.0598434 0.0670732 0.187194 
7.743 0.0267072 0.0507217 0.0294511 0.521593 
1.176 0.0828383 0.101754 0.113512 0.302711 
0.6957 0.041907 0.0634059 0.056838 0.229957 
6.937 0.0284768 0.0628515 0.0313859 0.609944 
7.546 0.0241922 0.0439914 0.0253858 0.521989 
7.757 0.0236757 0.0405468 0.0236681 0.538134 
1.709 0.035839 0.0380017 0.0374827 0.402419 
4.489 0.0221582 0.0344157 0.0237973 0.402431 
4.059 0.0160743 0.0218725 0.0153458 0.382074 
0.288 0.137421 0.160164 0.188466 0.2987 
3.541 0.0194276 0.0240982 0.0201134 0.306345 
3.446 0.0211762 0.0249444 0.0199387 0.371048 
0.1107 0.188379 0.220363 0.257053 0.391902 
0.4904 0.0656101 0.0807488 0.0858705 0.296804 
5.265 0.0257476 0.0301357 0.0232398 0.458135 
5.776 0.0200128 0.0336787 0.0202647 0.470686 
0.5215 0.101735 0.116464 0.133021 0.368292 
1.087 0.0476331 0.0625986 0.0659506 0.249853 
2.096 0.0281877 0.0376219 0.0373445 0.252333 
1.461 0.0261499 0.039796 0.0365798 0.195184 
0.9431 0.0281736 0.0318606 0.031417 0.249537 
5.671 0.0266363 0.0484572 0.0305333 0.471802 
1.014 0.0390705 0.0441146 0.043648 0.380272 
1.766 0.0306584 0.0385035 0.0320159 0.473174 
1.102 0.0378073 0.0758882 0.0523933 0.343179 
0.3922 0.124019 0.144149 0.168473 0.305951 
6.539 0.0286372 0.0430833 0.0278416 0.530703 
2.834 0.0256376 0.0309914 0.0253478 0.382705 
6.511 0.0224075 0.0331764 0.0217792 0.460978 
5.243 0.0225421 0.036333 0.0241956 0.413693 
3.428 0.0229658 0.0376538 0.0230496 0.477209 
0.5172 0.111829 0.132868 0.1543 0.278749 
5.553 0.0186663 0.0240488 0.017733 0.390302 
1.895 0.0170249 0.0224029 0.0195648 0.249462 
2.004 0.0205282 0.0228783 0.0203378 0.276288 
7.453 0.0220661 0.0369509 0.0224146 0.48355 
4.013 0.0268543 0.0321834 0.0243171 0.510181 
0.9435 0.0301566 0.0489552 0.0417832 0.217146 
5.832 0.0221317 0.0403908 0.0241216 0.440222 
1.008 0.055488 0.0646691 0.0687934 0.340794 
7.612 0.0258359 0.0394561 0.024974 0.561527 
2.576 0.0263224 0.0325306 0.0328789 0.256446 
3.62 0.0346878 0.0744727 0.0433645 0.544689 
1.588 0.0292061 0.0415015 0.0326094 0.370178 
0.04344 0.148694 0.173614 0.204735 0.279445 
2.059 0.0337565 0.0500535 0.0402272 0.411059 
0.2791 0.0797792 0.0929856 0.109867 0.192256 
7.903 0.0249494 0.0375636 0.0242059 0.520105 
5.354 0.0281477 0.0486022 0.0306034 0.491552 
0.03725 0.0815007 0.0945922 0.113758 0.160434 
1.931 0.0290116 0.034608 0.0339273 0.298803 
4.992 0.0155085 0.0292097 0.018546 0.316215 
0.2628 0.136386 0.16514 0.184317 0.390613 
3.369 0.0197623 0.0263652 0.0196474 0.392256 
0.8169 0.0574703 0.0675115 0.0708716 0.369342 
0.1493 0.166669 0.194472 0.227586 0.350428 
4.52 0.0196474 0.0437518 0.0247304 0.397145 
0.6103 0.0903253 0.105203 0.123358 0.240395 
3.012 0.0254148 0.0300577 0.0245005 0.413679 
0.7912 0.0555932 0.0713857 0.0797552 0.174739 
5.155 0.0192503 0.0236347 0.0180729 0.376168 
1.188 0.0582121 0.0676283 0.0762449 0.269069 
1.259 0.0286769 0.0447725 0.0357721 0.286091 
2.066 0.0319587 0.0426244 0.034832 0.415176 
2.781 0.0207064 0.0279257 0.0232242 0.332027 
3.927 0.0162052 0.0243478 0.0171871 0.346645 
4.335 0.0167917 0.0305762 0.0174102 0.475285 
3.923 0.0183003 0.0322117 0.0219384 0.321149 
5.173 0.0237684 0.0397378 0.0242077 0.471755 
0.2005 0.147643 0.175244 0.202127 0.334253 
0.1024 0.0410602 0.0502331 0.0586646 0.110495 
6.189 0.0261519 0.0580731 0.0309347 0.524564 
3.186 0.0240379 0.0350507 0.0238265 0.420912 
0.1933 0.106993 0.124994 0.145927 0.260622 
1.816 0.028004 0.0339855 0.0306621 0.329262 
0.7815 0.103087 0.122647 0.141152 0.295747 
2.869 0.0230965 0.0320949 0.0227156 0.450722 
0.3876 0.0389455 0.052287 0.0550974 0.149211 
6.134 0.0213553 0.0478433 0.0244945 0.500573 
2.754 0.0187438 0.030631 0.0228848 0.333873 
7.268 0.0232167 0.0468872 0.0247731 0.544645 
1.43 0.0319326 0.0556344 0.039201 0.375233 
0.3242 0.0791367 0.0974324 0.108467 0.24269 
2.342 0.0258392 0.0361409 0.0338069 0.253871 
0.2448 0.0985009 0.120407 0.136089 0.252515 
2.716 0.0177364 0.0249529 0.019506 0.346714 
6.897 0.0263842 0.0462821 0.0260394 0.641631 
0.4442 0.0558202 0.0653904 0.0780119 0.143332 
0.09097 0.0826138 0.0961417 0.115026 0.168864 
2.263 0.0339511 0.064065 0.0458066 0.399132 
7.929 0.0274732 0.0584598 0.0298076 0.646666 
5.421 0.0194386 0.0254716 0.0183926 0.38793 
4.695 0.0150449 0.0333728 0.0169568 0.406521 
5.801 0.0235016 0.0419241 0.0252338 0.485337 
2.779 0.0214421 0.0296714 0.0203406 0.416969 
7.741 0.0244442 0.0411591 0.0245824 0.532799 
0.6477 0.0344555 0.0403818 0.0484973 0.116693 
1.298 0.0338159 0.0472378 0.0452778 0.240906 
1.653 0.0392139 0.0543694 0.0512212 0.311592 
1.286 0.0459226 0.0625041 0.0591239 0.367093 
2.863 0.0261446 0.0336951 0.0280542 0.359415 
1.132 0.0767698 0.0967117 0.104182 0.327486 
0.5957 0.134261 0.159464 0.184418 0.337367 
6.436 0.0234554 0.0417138 0.0241855 0.524188 
2.641 0.0244517 0.0368732 0.029878 0.331558 
0.608 0.0917316 0.120735 0.123428 0.389892 
0.663 0.0592439 0.070176 0.0788544 0.254689 
5.677 0.028094 0.0424907 0.0277829 0.508528 
2.785 0.0180128 0.0302899 0.0189642 0.386367 
1.427 0.0430893 0.0522288 0.0580684 0.225225 
6.946 0.0292303 0.0551761 0.0306833 0.581046 
2.196 0.0397927 0.052109 0.0532638 0.285867 
5.722 0.0184777 0.0352906 0.0214578 0.380051 
0.6751 0.0390011 0.0465439 0.0509065 0.201603 

