MLAI        ALA         CrownCover  HsD         N           Cab         Car         Cdm         CwRel       Cbp         Bs          
2.522       22.26       0.923       0.3567      1.965       41.41       10.35       0.008324    0.6403      1.014       0.2092      
1.683       55.25       0.9279      0.365       1.476       70.08       17.52       0.007729    0.683       1.074       0.7647      
4.05        53.45       0.9012      0.2479      1.669       62.12       15.53       0.003834    0.6872      0.0515      0.2142      
1.962       26.44       0.9339      0.4838      1.29        77.79       19.45       0.004836    0.6896      1.588       0.195       
0.5934      59.41       0.9753      0.3463      2.02        25.58       6.394       0.006559    0.7034      0.6742      0.04829     
2.352       28.29       0.9192      0.2038      1.49        29.24       7.309       0.008608    0.6777      0.8244      0.178       
1.347       51.62       0.9369      0.3533      1.475       50.32       12.58       0.005364    0.6203      0.2427      0.725       
6.427       32.49       0.8705      0.3778      1.48        43.93       10.98       0.006626    0.7846      0.5721      0.6076      
2.647       47.67       0.9149      0.4153      1.354       53.73       13.43       0.007505    0.6485      0.7934      0.1718      
3.864       37.67       0.894       0.1147      1.565       45.19       11.3        0.00403     0.7009      0.1201      0.3158      
4.522       54.12       0.8916      0.2445      1.744       58.78       14.69       0.004384    0.8043      0.8899      0.2834      
1.184       18.57       0.9678      0.1259      1.375       55.82       13.96       0.0097      0.6874      0.4144      0.2712      
5.366       51.79       0.8708      0.3389      1.628       44.94       11.23       0.004464    0.7758      0.3797      0.5333      
0.1766      30.07       0.9569      0.3505      2.027       55.13       13.78       0.005637    0.6335      1.938       0.8869      
2.792       63.57       0.9419      0.1342      1.952       58.88       14.72       0.003825    0.6951      0.7082      0.764       
0.4746      47.4        0.9642      0.2344      1.744       32.96       8.24        0.005783    0.7858      0.09141     0.09298     
6.996       39.34       0.8518      0.4411      1.441       55.29       13.82       0.005442    0.7624      0.5934      0.5967      
6.05        49.27       0.8771      0.477       1.7         47.37       11.84       0.00425     0.7577      0.1522      0.331       
4.013       42.71       0.8945      0.4849      1.645       31.5        7.875       0.004828    0.7405      0.8578      0.4388      
0.5752      19.73       0.9448      0.2135      1.698       69.65       17.41       0.004305    0.8295      1.633       0.4076      
5.678       44.26       0.8797      0.4245      1.602       60.52       15.13       0.004683    0.6862      0.4739      0.3438      
7.235       34.86       0.8452      0.1997      1.432       53.01       13.25       0.006312    0.7396      0.2989      0.5019      
1.81        38.83       0.9427      0.4486      2.06        80.84       20.21       0.006688    0.8207      0.2068      0.4252      
2.011       61.99       0.9219      0.2754      1.411       59.02       14.76       0.008248    0.6406      1.345       0.2501      
0.6408      40.89       0.9448      0.1057      1.272       68.35       17.09       0.004319    0.652       0.2614      0.6938      
4.573       38.05       0.8856      0.1862      1.524       45.24       11.31       0.006764    0.7708      0.3128      0.34        
7.279       33.57       0.849       0.3604      1.474       46.93       11.73       0.006279    0.7673      0.5044      0.4501      
1.462       22.17       0.9509      0.2142      1.56        74.74       18.69       0.007815    0.6246      0.4479      0.1816      
1.48        15.74       0.9407      0.466       1.749       73.91       18.48       0.009634    0.7106      0.2159      0.5843      
2.748       58          0.9282      0.2968      1.694       38.97       9.743       0.006145    0.7135      1.29        0.8227      
1.147       19.59       0.9483      0.2795      1.5         64.84       16.21       0.007907    0.7126      0.05323     0.6796      
0.8354      76.48       0.9736      0.1099      1.965       34.88       8.719       0.00831     0.6851      1.752       0.07809     
0.4533      40.35       0.9611      0.383       1.216       48.37       12.09       0.004429    0.8112      0.1329      0.9399      
0.942       49.8        0.9601      0.2673      1.502       57.41       14.35       0.005306    0.7594      0.9031      0.5655      
3.52        42.71       0.9068      0.2961      1.771       31.11       7.778       0.007242    0.685       0.04723     0.7047      
1.879       33.36       0.9528      0.4282      1.771       54.57       13.64       0.008953    0.8296      1.299       0.4264      
1.941       18.82       0.9574      0.3987      1.375       71.31       17.83       0.004738    0.7875      1.592       0.3969      
1.713       58.12       0.9325      0.3499      2.005       63.04       15.76       0.009258    0.6311      1.467       0.3066      
2.296       59.33       0.9215      0.247       1.964       67.06       16.77       0.004941    0.6758      0.5294      0.2684      
0.8733      61          0.9437      0.3368      1.48        57.39       14.35       0.008495    0.6614      0.1711      0.7925      
7.54        46.77       0.8475      0.4445      1.604       54.09       13.52       0.005957    0.7628      0.07981     0.4978      
3.946       39.75       0.8952      0.3682      1.498       58.27       14.57       0.006702    0.7673      0.4727      0.5836      
0.548       36.88       0.9865      0.3397      2.119       37.35       9.339       0.003764    0.7973      1.087       0.7652      
2.758       43.32       0.9441      0.2327      1.455       51.22       12.81       0.005014    0.7777      0.04246     0.6764      
0.7714      37.07       0.9709      0.3516      1.834       69.66       17.42       0.003373    0.7355      1.721       0.4052      
1.448       62.15       0.93        0.4008      1.278       62.69       15.67       0.004288    0.7617      1.216       0.757       
0.4616      15.76       0.9605      0.2118      1.829       37.6        9.4         0.006489    0.7714      0.7721      0.959       
4.641       54          0.8934      0.4141      1.459       63.89       15.97       0.004318    0.733       0.6381      0.6981      
0.8042      45.58       0.9388      0.4561      1.861       42.29       10.57       0.004714    0.6948      0.4446      0.9354      
7.025       38.87       0.8573      0.4891      1.657       38.92       9.729       0.005885    0.721       0.1114      0.5209      
7.078       35.75       0.8496      0.3848      1.487       41.59       10.4        0.005312    0.7496      0.1823      0.5774      
6.187       53.78       0.8715      0.198       1.479       40.58       10.15       0.005956    0.7036      0.4877      0.5388      
0.6641      38.21       0.9562      0.4736      1.772       71.57       17.89       0.009867    0.6395      1.851       0.6832      
2.026       61.79       0.9301      0.3869      1.775       54.67       13.67       0.006316    0.6458      0.5935      0.2368      
0.183       69.26       0.9522      0.1414      1.858       48.47       12.12       0.005848    0.807       0.6014      0.8695      
3.63        41.23       0.9207      0.1347      1.658       36.27       9.068       0.008505    0.6583      0.9849      0.4584      
3.786       22.17       0.8943      0.4537      1.762       39.78       9.944       0.004596    0.7788      0.03804     0.2801      
5.292       38.57       0.8835      0.4259      1.788       62.58       15.65       0.007281    0.6932      0.4865      0.6827      
7.91        45.4        0.8397      0.1865      1.448       43.88       10.97       0.005278    0.7444      0.3748      0.5489      
0.7959      37.4        0.9504      0.3887      1.467       31.18       7.796       0.01027     0.6143      0.594       0.6202      
1.688       33.31       0.9501      0.2989      1.327       55.89       13.97       0.003684    0.731       1.247       0.7748      
1.576       11.66       0.9535      0.2643      1.316       46.47       11.62       0.006648    0.6249      1.521       0.1492      
2.91        38.74       0.9339      0.1707      1.858       65.16       16.29       0.007641    0.6812      1.34        0.379       
1.991       57.45       0.9403      0.2313      1.413       38.2        9.549       0.007089    0.8242      0.3915      0.1435      
0.1325      16.67       0.9513      0.3245      1.438       34.51       8.628       0.006455    0.603       1.29        0.171       
2.102       12.59       0.9249      0.1334      1.938       73.38       18.35       0.004939    0.7353      0.6712      0.6031      
4.41        56.25       0.8862      0.3874      1.668       67.19       16.8        0.007817    0.7793      0.2346      0.2618      
6.84        51.14       0.8558      0.2945      1.653       48.79       12.2        0.006538    0.7345      0.5566      0.4139      
1.16        16.34       0.961       0.375       1.825       57.09       14.27       0.006008    0.741       0.962       0.6792      
5.09        44.2        0.8837      0.3029      1.418       42.71       10.68       0.006773    0.684       0.5426      0.5679      
1.313       66.49       0.9568      0.1389      1.53        83.95       20.99       0.006867    0.6685      0.2015      0.1272      
1.605       62.07       0.9418      0.2449      1.606       79.67       19.92       0.005395    0.6335      1.487       0.6519      
2.698       54.85       0.94        0.2013      1.979       29          7.25        0.007843    0.6756      1.412       0.6051      
2.547       17.85       0.9432      0.1909      1.978       42.26       10.56       0.005684    0.7446      0.7952      0.7795      
3.032       34.22       0.9135      0.2015      1.735       38.55       9.637       0.007383    0.7837      0.1259      0.653       
0.8231      65.16       0.9525      0.237       1.6         52.01       13          0.006072    0.6565      0.7901      0.8379      
7.768       35.25       0.8419      0.2833      1.647       43.68       10.92       0.005861    0.767       0.1196      0.4037      
1.6         32.11       0.957       0.4215      1.991       56.52       14.13       0.005853    0.7548      1.66        0.2351      
0.4317      23.55       0.9853      0.2309      1.869       41.46       10.37       0.005235    0.6386      1.388       0.8658      
0.5535      43.71       0.9715      0.429       1.996       68.43       17.11       0.006325    0.6603      0.09389     0.2556      
3.683       64.28       0.9209      0.3518      1.785       32.76       8.189       0.007282    0.7777      1.007       0.3836      
0.7362      50.83       0.9473      0.4093      2.03        33.3        8.324       0.004822    0.7503      1.611       0.7357      
1.808       65.91       0.9382      0.2187      1.965       64.77       16.19       0.007701    0.6501      1.258       0.6309      
5.087       41.14       0.8769      0.403       1.716       43.39       10.85       0.00652     0.6798      0.8534      0.3434      
1.62        25.8        0.9644      0.1248      2.07        67.74       16.94       0.009929    0.6647      1.551       0.1156      
2.42        53.08       0.9411      0.4116      1.838       27.04       6.761       0.006082    0.697       0.8501      0.4018      
7.438       36.85       0.8505      0.3637      1.633       45.66       11.42       0.006137    0.7609      0.09511     0.4659      
2.016       39.65       0.9283      0.3791      1.54        70.11       17.53       0.006905    0.7237      0.9784      0.3267      
2.474       61.71       0.9147      0.4069      1.487       36.02       9.004       0.00366     0.7206      1.306       0.7422      
0.8315      55.99       0.976       0.1064      1.748       53.24       13.31       0.005234    0.618       1.819       0.9537      
6.653       52.82       0.8647      0.1223      1.624       50.32       12.58       0.004998    0.7431      0.1891      0.4884      
2.434       48.28       0.9439      0.1936      1.654       32.74       8.186       0.006028    0.686       0.4609      0.7388      
0.7523      29.15       0.984       0.2155      1.812       54.68       13.67       0.007059    0.6782      1.425       0.8625      
7.455       44.73       0.8403      0.188       1.578       52.65       13.16       0.005927    0.7147      0.03322     0.4223      
0.9772      41.34       0.9593      0.1075      2.129       28.97       7.243       0.004812    0.7758      0.8207      0.6765      
3.74        19.77       0.9098      0.3861      1.344       47.48       11.87       0.007986    0.6634      0.3133      0.6957      
0.5442      10.34       0.9731      0.4484      1.524       60.16       15.04       0.007206    0.7216      1.035       0.07077     
1.633       35.08       0.9496      0.4274      1.952       33.89       8.473       0.0067      0.6961      0.9672      0.6727      
1.346       58.08       0.9439      0.1271      1.372       51.87       12.97       0.007946    0.7831      0.1401      0.4832      
2.002       34.06       0.9349      0.3056      1.519       70.62       17.66       0.004999    0.6603      1.281       0.5861      
5.43        37.75       0.8771      0.4924      1.769       62.9        15.73       0.00452     0.6927      0.684       0.4253      
5.27        55.47       0.8816      0.2345      1.713       38.27       9.567       0.007226    0.777       0.7446      0.4606      
0.3901      73.12       0.972       0.2659      1.816       41.45       10.36       0.009926    0.8054      1.058       0.9659      
0.1967      28.75       0.9621      0.1399      1.459       60.8        15.2        0.0105      0.7611      0.6457      0.1027      
3.2         65.77       0.903       0.1091      1.789       50.56       12.64       0.006322    0.7586      1.021       0.261       
1.295       56.64       0.9595      0.3069      2.057       45.3        11.32       0.006936    0.7244      1.117       0.8045      
0.8862      68.41       0.9385      0.491       1.668       61.19       15.3        0.01033     0.6908      0.7143      0.3021      
3.438       26.57       0.923       0.1217      1.773       58.6        14.65       0.004985    0.6533      0.8734      0.6949      
5.43        27.73       0.8905      0.4853      1.641       48.2        12.05       0.005352    0.6822      0.8314      0.6816      
4.003       50.5        0.8934      0.3224      1.73        53.23       13.31       0.006418    0.7482      0.2629      0.338       
0.9534      59.95       0.9598      0.1897      1.954       33.69       8.424       0.004063    0.6653      1.452       0.1477      
5.678       50.43       0.8823      0.1678      1.471       39.21       9.803       0.00704     0.7761      0.1928      0.455       
0.8767      8.718       0.9636      0.2337      2.072       81.78       20.44       0.003417    0.7035      0.7854      0.5426      
0.2778      15.8        0.9706      0.469       2.033       28.61       7.153       0.007418    0.7201      1.523       0.09913     
4.077       30.56       0.9039      0.1444      1.543       69.63       17.41       0.004967    0.7025      0.8581      0.4876      
0.4613      33.29       0.9907      0.3645      1.332       61.31       15.33       0.006854    0.8216      0.734       0.6148      
0.2502      28.27       0.9601      0.3164      1.768       86.24       21.56       0.01041     0.8354      0.4606      0.5464      
5.819       32.32       0.879       0.3919      1.759       48.39       12.1        0.006272    0.7514      0.7621      0.5783      
4.751       39.59       0.8873      0.2737      1.724       59.61       14.9        0.00809     0.6911      0.9421      0.4891      
1.883       68.86       0.9473      0.1575      1.961       75.36       18.84       0.004839    0.787       0.6902      0.8684      
0.8455      70.47       0.942       0.2171      1.573       53.61       13.4        0.00365     0.8083      1.032       0.4552      
4.822       38.97       0.8995      0.4574      1.396       59.48       14.87       0.005469    0.7095      0.9083      0.3034      
1.134       45.42       0.9577      0.2005      2.072       77.97       19.49       0.004821    0.6716      1.723       0.7298      
0.4474      30.35       0.9593      0.1312      1.388       43.7        10.93       0.003905    0.8168      0.3411      0.2436      
2.282       32.31       0.9387      0.4402      1.61        48.09       12.02       0.005028    0.7501      0.9313      0.3449      
3.182       40.92       0.9193      0.3933      1.582       42.66       10.67       0.006365    0.7468      0.1077      0.4971      
0.9241      12.8        0.9458      0.3384      1.731       32.19       8.048       0.003367    0.7787      0.05254     0.1154      
7.254       38          0.8538      0.3193      1.6         49.7        12.43       0.004967    0.7384      0.0629      0.5887      
0.1248      67.87       0.9912      0.3617      1.736       32.03       8.007       0.005426    0.8057      0.2697      0.6817      
3.212       25.91       0.9269      0.4003      1.34        68.6        17.15       0.005509    0.7282      0.1937      0.2903      
1.601       14.48       0.9337      0.3485      1.261       54.14       13.53       0.003327    0.7749      0.01761     0.2271      
0.2977      66.85       0.9543      0.3755      1.52        39.75       9.938       0.01047     0.7332      1.2         0.7859      
0.2103      53.46       0.9886      0.3489      1.729       64.84       16.21       0.01071     0.8255      0.5662      0.03577     
0.05267     55.87       0.9893      0.2659      1.5         43.9        10.98       0.006077    0.7922      0.7201      0.5587      
3.784       48.73       0.8964      0.3406      1.642       71.9        17.97       0.006477    0.7642      0.4398      0.6567      
4.861       51.83       0.8773      0.1299      1.537       38.75       9.688       0.007669    0.6915      0.139       0.5362      
0.1347      14.92       0.9603      0.3665      1.605       20.58       5.146       0.009354    0.7641      1.101       0.4665      
2.041       42.64       0.9308      0.1373      1.875       45.51       11.38       0.008819    0.7401      1.482       0.608       
7.447       41.01       0.8414      0.2654      1.595       39.46       9.865       0.005736    0.7754      0.05534     0.5228      
0.1019      50.28       0.9485      0.2989      1.946       22.13       5.533       0.005806    0.6183      1.067       0.1314      
2.828       56.02       0.9425      0.2347      1.927       54.82       13.71       0.007832    0.6744      0.02081     0.2472      
0.4599      60.38       0.9706      0.3287      1.597       55.96       13.99       0.007213    0.6766      1.75        0.9769      
2.177       48.6        0.9246      0.2592      1.966       57.22       14.3        0.007659    0.6589      1.289       0.1422      
1.608       29.51       0.9351      0.1498      1.8         68.29       17.07       0.006056    0.6564      0.4863      0.5847      
4.283       25.73       0.9069      0.2822      1.841       58.27       14.57       0.008401    0.7462      0.1755      0.7         
1.302       67.29       0.9683      0.1376      1.988       80.44       20.11       0.01009     0.7779      0.4113      0.8703      
0.5453      23.83       0.9578      0.1229      1.976       29.83       7.457       0.009115    0.672       1.794       0.1281      
1.877       41.18       0.9316      0.2469      1.471       29.46       7.366       0.008965    0.6675      0.3428      0.5288      
3.706       55.86       0.9109      0.1507      1.375       40.1        10.03       0.004815    0.672       0.6479      0.3909      
4.926       32.76       0.881       0.4508      1.807       39.05       9.762       0.006306    0.78        0.1024      0.6119      
0.6751      13.16       0.9576      0.2211      1.867       79.88       19.97       0.009425    0.6927      0.9256      0.5129      
0.1787      43.54       0.9493      0.1313      1.425       56.52       14.13       0.007135    0.6493      0.5452      0.2593      
4.25        36.77       0.9047      0.4946      1.808       40.9        10.22       0.008115    0.6954      0.8173      0.259       
5.568       33.02       0.8696      0.2226      1.804       62.85       15.71       0.005715    0.7305      0.09391     0.6798      
1.156       58.63       0.9443      0.1841      1.541       79.15       19.79       0.003376    0.7913      1.34        0.4251      
1.1         71.89       0.9399      0.4371      1.377       60.41       15.1        0.008602    0.7163      1.409       0.4967      
0.7635      11.21       0.9726      0.487       2.066       67.89       16.97       0.01047     0.6271      1.789       0.2537      
0.9003      34.57       0.9771      0.2673      1.659       57.73       14.43       0.008204    0.8004      0.5523      0.8595      
0.4397      70.79       0.967       0.4072      1.697       71.83       17.96       0.005003    0.8415      0.5933      0.4864      
3.463       42.29       0.926       0.1446      1.365       29.93       7.482       0.005598    0.6859      0.2807      0.2867      
4.354       25.03       0.8937      0.2302      1.332       45.73       11.43       0.005707    0.7315      0.106       0.613       
1.195       17.11       0.9718      0.4683      1.314       75.85       18.96       0.003986    0.7169      0.5234      0.6172      
7.697       37.4        0.8417      0.1462      1.525       46.92       11.73       0.005493    0.7368      0.1805      0.4242      
0.2219      69.45       0.9616      0.3361      2.065       22.08       5.52        0.009998    0.7564      0.1669      0.4054      
1.543       59.36       0.9358      0.4717      2.053       54.54       13.64       0.005645    0.6467      1.565       0.7693      
4.578       47.63       0.8944      0.1825      1.494       64.22       16.06       0.007185    0.7979      0.2199      0.5023      
0.9616      14.36       0.975       0.1823      1.795       45.74       11.44       0.006038    0.6918      0.3661      0.5892      
5.563       46.07       0.8793      0.3227      1.415       34.65       8.662       0.004474    0.742       0.207       0.2794      
5.435       57.21       0.8734      0.2483      1.785       44.38       11.09       0.007521    0.7577      0.4074      0.3553      
1.709       43.86       0.9562      0.2318      1.35        43.37       10.84       0.006953    0.8131      1.493       0.7012      
0.2692      47.35       0.9851      0.4896      1.717       57.51       14.38       0.005643    0.7851      0.7252      0.9572      
5.974       52.68       0.8786      0.1724      1.384       60.74       15.18       0.005532    0.7683      0.5524      0.3546      
3.127       43.47       0.9365      0.4104      1.52        69.81       17.45       0.004714    0.7834      0.931       0.2239      
3.039       48.85       0.9128      0.4989      1.617       73.44       18.36       0.007372    0.6882      0.9607      0.7454      
0.3188      20.89       0.96        0.221       1.884       65.57       16.39       0.004836    0.6173      1.163       0.5619      
1.1         22.72       0.9382      0.1661      1.309       29.21       7.302       0.003729    0.7712      1.031       0.6773      
6.73        31.4        0.8511      0.2705      1.636       46.1        11.52       0.004852    0.7708      0.1794      0.4973      
2.839       34.54       0.9178      0.275       1.686       38.74       9.685       0.007635    0.6712      0.4639      0.1603      
3.661       43.91       0.9202      0.4061      1.749       34.03       8.508       0.008692    0.6947      0.7367      0.5685      
3.35        57          0.9062      0.1489      1.584       29.57       7.391       0.008098    0.6855      0.8748      0.7409      
0.806       48.19       0.9653      0.4583      1.252       28.73       7.183       0.008719    0.6156      1.775       0.4413      
7.12        45.27       0.8561      0.3408      1.661       40.38       10.09       0.00532     0.7469      0.3444      0.5521      
0.0463      44.88       0.9637      0.2694      1.878       64.51       16.13       0.004591    0.8292      0.542       0.1577      
2.335       58.95       0.9172      0.4886      1.457       66.05       16.51       0.00809     0.7204      0.01487     0.4567      
3.977       19.77       0.8999      0.4009      1.451       40.11       10.03       0.007168    0.6915      0.626       0.5666      
0.01958     20.3        0.9553      0.4195      1.968       25.87       6.467       0.00682     0.8333      1.375       0.1399      
0.9657      26.32       0.9431      0.3529      1.713       75.04       18.76       0.005431    0.7597      0.8788      0.6768      
0.5027      16.53       0.9845      0.2632      1.63        68.45       17.11       0.00602     0.6076      1.244       0.2989      
0.3963      10.7        0.9629      0.4065      1.772       26.81       6.703       0.007851    0.7004      0.4164      0.5635      
1.987       32.19       0.9592      0.3641      1.602       28.72       7.179       0.009363    0.688       0.7987      0.3295      
0.0981      36.93       0.9652      0.1339      1.923       50.27       12.57       0.01015     0.7329      0.7263      0.07346     
2.138       37.73       0.9437      0.3686      1.598       64.96       16.24       0.003899    0.8003      1.4         0.3127      
4.873       33.56       0.8793      0.1869      1.586       55.08       13.77       0.006594    0.7139      0.9727      0.7177      
1.41        26.14       0.9542      0.245       1.936       50.37       12.59       0.009316    0.6974      0.633       0.2682      
7.319       45.92       0.8417      0.4242      1.559       51.24       12.81       0.005426    0.7681      0.2218      0.5182      
0.1906      18.9        0.9764      0.4794      1.664       34.65       8.663       0.003902    0.7319      0.0345      0.8511      
7.713       39.48       0.8419      0.3232      1.543       44.08       11.02       0.00563     0.7571      0.0905      0.5456      
0.4141      54.32       0.9576      0.3747      1.844       40.59       10.15       0.006201    0.7706      0.2293      0.5915      
6.856       42.73       0.8593      0.3594      1.476       55.93       13.98       0.004517    0.7667      0.02826     0.4526      
0.2846      7.065       0.9635      0.2978      1.722       78.2        19.55       0.003964    0.7052      1.359       0.2466      
