0.4	 0.0515997   0.0010789
0.401	 0.0514771   0.0010813
0.402	 0.0513545   0.0010838
0.403	 0.0512411   0.0010860
0.404	 0.0511278   0.0010883
0.405	 0.0510300   0.0011190
0.406	 0.0509326   0.0011505
0.407	 0.0508392   0.0011615
0.408	 0.0507459   0.0011726
0.409	 0.0506775   0.0012523
0.41	 0.0506109   0.0013375
0.411	 0.0505478   0.0014015
0.412	 0.0504858   0.0014687
0.413	 0.0504376   0.0015592
0.414	 0.0503913   0.0016555
0.415	 0.0503440   0.0017313
0.416	 0.0502979   0.0018105
0.417	 0.0502574   0.0019035
0.418	 0.0502186   0.0020014
0.419	 0.0501838   0.0020881
0.42	 0.0501503   0.0021787
0.421	 0.0501189   0.0022364
0.422	 0.0500881   0.0022958
0.423	 0.0500597   0.0023433
0.424	 0.0500315   0.0023917
0.425	 0.0499979   0.0024220
0.426	 0.0499643   0.0024527
0.427	 0.0499310   0.0024776
0.428	 0.0498977   0.0025030
0.429	 0.0498830   0.0025748
0.43	 0.0498690   0.0026485
0.431	 0.0498566   0.0027175
0.432	 0.0498449   0.0027886
0.433	 0.0498328   0.0028548
0.434	 0.0498213   0.0029227
0.435	 0.0498096   0.0029816
0.436	 0.0497984   0.0030414
0.437	 0.0498361   0.0032435
0.438	 0.0498797   0.0034595
0.439	 0.0499195   0.0036674
0.44	 0.0499650   0.0038883
0.441	 0.0500898   0.0043533
0.442	 0.0502415   0.0048766
0.443	 0.0503794   0.0053538
0.444	 0.0505413   0.0058798
0.445	 0.0506294   0.0061991
0.446	 0.0507270   0.0065370
0.447	 0.0508219   0.0068520
0.448	 0.0509255   0.0071833
0.449	 0.0509911   0.0074096
0.45	 0.0510603   0.0076427
0.451	 0.0511289   0.0078694
0.452	 0.0512009   0.0081024
0.453	 0.0511569   0.0080699
0.454	 0.0511133   0.0080381
0.455	 0.0510689   0.0079991
0.456	 0.0510250   0.0079610
0.457	 0.0510693   0.0081148
0.458	 0.0511151   0.0082710
0.459	 0.0511603   0.0084239
0.46	 0.0512071   0.0085796
0.461	 0.0511694   0.0085520
0.462	 0.0511320   0.0085244
0.463	 0.0510941   0.0084952
0.464	 0.0510565   0.0084662
0.465	 0.0510980   0.0086054
0.466	 0.0511406   0.0087463
0.467	 0.0511840   0.0088826
0.468	 0.0512284   0.0090202
0.469	 0.0512438   0.0090944
0.47	 0.0512596   0.0091692
0.471	 0.0512745   0.0092440
0.472	 0.0512901   0.0093202
0.473	 0.0513316   0.0094534
0.474	 0.0513747   0.0095893
0.475	 0.0514169   0.0097218
0.476	 0.0514606   0.0098569
0.477	 0.0514515   0.0098750
0.478	 0.0514420   0.0098923
0.479	 0.0514318   0.0099115
0.48	 0.0514216   0.0099308
0.481	 0.0515575   0.0102744
0.482	 0.0517006   0.0106296
0.483	 0.0518402   0.0109735
0.484	 0.0519866   0.0113282
0.485	 0.0520582   0.0115168
0.486	 0.0521315   0.0117078
0.487	 0.0522040   0.0118963
0.488	 0.0522786   0.0120879
0.489	 0.0525157   0.0126165
0.49	 0.0524983   0.0126252
0.491	 0.0527496   0.0131779
0.492	 0.0529930   0.0137080
0.493	 0.0532521   0.0142606
0.494	 0.0534825   0.0147514
0.495	 0.0537242   0.0152607
0.496	 0.0539590   0.0157518
0.497	 0.0542035   0.0162621
0.498	 0.0548023   0.0174221
0.499	 0.0554630   0.0186719
0.5	 0.0560899   0.0198378
0.501	 0.0567735   0.0210800
0.502	 0.0579983   0.0232157
0.503	 0.0594042   0.0255910
0.504	 0.0607067   0.0277383
0.505	 0.0621670   0.0300879
0.506	 0.0635152   0.0322154
0.507	 0.0649993   0.0345109
0.508	 0.0664015   0.0366447
0.509	 0.0679273   0.0389268
0.51	 0.0699856   0.0419294
0.511	 0.0722740   0.0451990
0.512	 0.0744162   0.0482087
0.513	 0.0767719   0.0514620
0.514	 0.0794819   0.0551326
0.515	 0.0824798   0.0591187
0.516	 0.0852888   0.0628008
0.517	 0.0883605   0.0667631
0.518	 0.0912567   0.0704551
0.519	 0.0943868   0.0743937
0.52	 0.0973517   0.0780879
0.521	 0.1005373   0.0820164
0.522	 0.1023247   0.0842407
0.523	 0.1041831   0.0865446
0.524	 0.1059827   0.0887681
0.525	 0.1078518   0.0910688
0.526	 0.1090248   0.0925438
0.527	 0.1102350   0.0940605
0.528	 0.1114091   0.0955317
0.529	 0.1126208   0.0970425
0.53	 0.1126244   0.0971457
0.531	 0.1130280   0.0977155
0.532	 0.1134448   0.0983009
0.533	 0.1138442   0.0988703
0.534	 0.1142569   0.0994553
0.535	 0.1151630   0.1006195
0.536	 0.1160747   0.1017889
0.537	 0.1169794   0.1029554
0.538	 0.1178890   0.1041263
0.539	 0.1185993   0.1050643
0.54	 0.1193084   0.1060000
0.541	 0.1200093   0.1069170
0.542	 0.1207191   0.1078441
0.543	 0.1213921   0.1087313
0.544	 0.1220618   0.1096148
0.545	 0.1227227   0.1105023
0.546	 0.1233917   0.1113984
0.547	 0.1240794   0.1123194
0.548	 0.1247638   0.1132360
0.549	 0.1254468   0.1141418
0.55	 0.1261379   0.1150568
0.551	 0.1260969   0.1151338
0.552	 0.1260559   0.1152110
0.553	 0.1260128   0.1152930
0.554	 0.1259699   0.1153747
0.555	 0.1251977   0.1146290
0.556	 0.1244335   0.1138902
0.557	 0.1236641   0.1131477
0.558	 0.1228910   0.1123989
0.559	 0.1215278   0.1109692
0.56	 0.1201915   0.1095650
0.561	 0.1188350   0.1081322
0.562	 0.1175165   0.1067379
0.563	 0.1158062   0.1048744
0.564	 0.1141516   0.1030669
0.565	 0.1124634   0.1012033
0.566	 0.1108214   0.0993849
0.567	 0.1091958   0.0975770
0.568	 0.1076149   0.0958129
0.569	 0.1059954   0.0940002
0.57	 0.1059907   0.0941287
0.571	 0.1044182   0.0923623
0.572	 0.1029731   0.0907406
0.573	 0.1015682   0.0891520
0.574	 0.1001370   0.0875226
0.575	 0.0987464   0.0859298
0.576	 0.0979232   0.0850320
0.577	 0.0971125   0.0841472
0.578	 0.0962927   0.0832472
0.579	 0.0954854   0.0823609
0.58	 0.0942026   0.0808731
0.581	 0.0929602   0.0794276
0.582	 0.0916914   0.0779402
0.583	 0.0904585   0.0764866
0.584	 0.0895820   0.0754821
0.585	 0.0887239   0.0744916
0.586	 0.0878523   0.0734789
0.587	 0.0869997   0.0724812
0.588	 0.0867183   0.0722230
0.589	 0.0864397   0.0719641
0.59	 0.0861569   0.0716987
0.591	 0.0858817   0.0714395
0.592	 0.0855118   0.0710553
0.593	 0.0851461   0.0706717
0.594	 0.0847777   0.0702838
0.595	 0.0844140   0.0698960
0.596	 0.0837380   0.0690944
0.597	 0.0830698   0.0682947
0.598	 0.0824023   0.0674925
0.599	 0.0817415   0.0666945
0.6	 0.0809916   0.0657733
0.601	 0.0802602   0.0648740
0.602	 0.0795142   0.0639509
0.603	 0.0787844   0.0630426
0.604	 0.0780050   0.0620621
0.605	 0.0772499   0.0611039
0.606	 0.0764765   0.0601151
0.607	 0.0757259   0.0591506
0.608	 0.0746238   0.0576897
0.609	 0.0735639   0.0562781
0.61	 0.0724759   0.0548151
0.611	 0.0724616   0.0548689
0.612	 0.0714096   0.0534426
0.613	 0.0707187   0.0525188
0.614	 0.0700411   0.0516089
0.615	 0.0693536   0.0506767
0.616	 0.0686869   0.0497692
0.617	 0.0684781   0.0495305
0.618	 0.0682739   0.0492979
0.619	 0.0680682   0.0490615
0.62	 0.0678639   0.0488264
0.621	 0.0675480   0.0484210
0.622	 0.0672356   0.0480198
0.623	 0.0669195   0.0476068
0.624	 0.0666100   0.0472026
0.625	 0.0665573   0.0471773
0.626	 0.0665015   0.0471475
0.627	 0.0664502   0.0471208
0.628	 0.0663990   0.0470942
0.629	 0.0663252   0.0470298
0.63	 0.0662545   0.0469703
0.631	 0.0661821   0.0469042
0.632	 0.0661129   0.0468428
0.633	 0.0655012   0.0459611
0.634	 0.0649058   0.0450985
0.635	 0.0643020   0.0442142
0.636	 0.0637122   0.0433456
0.637	 0.0629303   0.0421706
0.638	 0.0621805   0.0410357
0.639	 0.0614110   0.0398551
0.64	 0.0606726   0.0387131
0.641	 0.0599219   0.0375361
0.642	 0.0592011   0.0363959
0.643	 0.0584616   0.0352126
0.644	 0.0577538   0.0340691
0.645	 0.0569890   0.0328196
0.646	 0.0562616   0.0316181
0.647	 0.0555105   0.0303596
0.648	 0.0548025   0.0291590
0.649	 0.0541902   0.0281055
0.65	 0.0536084   0.0270939
0.651	 0.0536073   0.0271051
0.652	 0.0530072   0.0260456
0.653	 0.0524405   0.0250336
0.654	 0.0517309   0.0237437
0.655	 0.0510711   0.0225264
0.656	 0.0503806   0.0212286
0.657	 0.0497442   0.0200114
0.658	 0.0489482   0.0184499
0.659	 0.0482381   0.0170181
0.66	 0.0474773   0.0154381
0.661	 0.0468152   0.0140142
0.662	 0.0465582   0.0134536
0.663	 0.0463151   0.0129167
0.664	 0.0460627   0.0123510
0.665	 0.0458222   0.0118109
0.666	 0.0456883   0.0115131
0.667	 0.0455577   0.0112245
0.668	 0.0454242   0.0109260
0.669	 0.0452959   0.0106368
0.67	 0.0451342   0.0102629
0.671	 0.0449808   0.0099037
0.672	 0.0448232   0.0095290
0.673	 0.0446735   0.0091682
0.674	 0.0446523   0.0091307
0.675	 0.0446299   0.0090937
0.676	 0.0446069   0.0090553
0.677	 0.0445813   0.0090175
0.678	 0.0447618   0.0095003
0.679	 0.0449567   0.0100102
0.68	 0.0451451   0.0104958
0.681	 0.0453499   0.0110057
0.682	 0.0457702   0.0120115
0.683	 0.0462460   0.0131147
0.684	 0.0466951   0.0141302
0.685	 0.0471913   0.0152306
0.686	 0.0483854   0.0177508
0.687	 0.0498660   0.0207238
0.688	 0.0511976   0.0232882
0.689	 0.0527681   0.0261983
0.69	 0.0554809   0.0309891
0.691	 0.0554775   0.0310050
0.692	 0.0589316   0.0367905
0.693	 0.0619814   0.0416824
0.694	 0.0656313   0.0473213
0.695	 0.0712312   0.0556095
0.696	 0.0783378   0.0656568
0.697	 0.0845487   0.0741144
0.698	 0.0920004   0.0839459
0.699	 0.0992422   0.0932410
0.7	 0.1077380   0.1038757
0.701	 0.1153991   0.1132707
0.702	 0.1241559   0.1238097
0.703	 0.1323821   0.1335583
0.704	 0.1416614   0.1443920
0.705	 0.1501707   0.1542110
0.706	 0.1596371   0.1650058
0.707	 0.1676928   0.1741126
0.708	 0.1764517   0.1839277
0.709	 0.1846311   0.1930250
0.71	 0.1934512   0.2027648
0.711	 0.2011691   0.2112531
0.712	 0.2094242   0.2202809
0.713	 0.2172674   0.2288412
0.714	 0.2255860   0.2378769
0.715	 0.2343864   0.2473921
0.716	 0.2437839   0.2575060
0.717	 0.2526403   0.2669913
0.718	 0.2620564   0.2770362
0.719	 0.2696841   0.2851687
0.72	 0.2776476   0.2936347
0.721	 0.2853248   0.3018062
0.722	 0.2933173   0.3102908
0.723	 0.3011794   0.3186289
0.724	 0.3094710   0.3273990
0.725	 0.3174005   0.3357600
0.726	 0.3256877   0.3444796
0.727	 0.3322368   0.3513819
0.728	 0.3390888   0.3585907
0.729	 0.3456764   0.3655339
0.73	 0.3524911   0.3727055
0.731	 0.3583751   0.3789115
0.732	 0.3584430   0.3791150
0.733	 0.3645915   0.3855755
0.734	 0.3705163   0.3918015
0.735	 0.3766130   0.3981933
0.736	 0.3811509   0.4029782
0.737	 0.3858790   0.4079613
0.738	 0.3904416   0.4127723
0.739	 0.3952015   0.4177800
0.74	 0.3984666   0.4212512
0.741	 0.4018696   0.4248502
0.742	 0.4051322   0.4283043
0.743	 0.4085394   0.4319017
0.744	 0.4120985   0.4356541
0.745	 0.4158175   0.4395744
0.746	 0.4191862   0.4431351
0.747	 0.4226102   0.4467458
0.748	 0.4240801   0.4483554
0.749	 0.4255753   0.4499750
0.75	 0.4268671   0.4513872
0.751	 0.4281650   0.4528057
0.752	 0.4294700   0.4542323
0.753	 0.4306760   0.4555734
0.754	 0.4317794   0.4568096
0.755	 0.4328550   0.4580205
0.756	 0.4338261   0.4591244
0.757	 0.4349236   0.4603442
0.758	 0.4356945   0.4612297
0.759	 0.4365763   0.4622173
0.76	 0.4373499   0.4630942
0.761	 0.4381072   0.4639472
0.762	 0.4387550   0.4646883
0.763	 0.4393908   0.4654069
0.764	 0.4398034   0.4658970
0.765	 0.4403196   0.4664809
0.766	 0.4406112   0.4668349
0.767	 0.4410322   0.4673200
0.768	 0.4411143   0.4674582
0.769	 0.4412123   0.4676186
0.77	 0.4413103   0.4677789
0.771	 0.4414304   0.4679518
0.772	 0.4415506   0.4681246
0.773	 0.4416918   0.4682927
0.774	 0.4418327   0.4684611
0.775	 0.4419844   0.4686288
0.776	 0.4421359   0.4687972
0.777	 0.4422865   0.4689704
0.778	 0.4424376   0.4691434
0.779	 0.4425862   0.4693139
0.78	 0.4427353   0.4694842
0.781	 0.4428707   0.4696287
0.782	 0.4430057   0.4697735
0.783	 0.4431437   0.4699082
0.784	 0.4432816   0.4700434
0.785	 0.4434223   0.4701712
0.786	 0.4435631   0.4702992
0.787	 0.4437053   0.4704241
0.788	 0.4438478   0.4705494
0.789	 0.4439908   0.4706759
0.79	 0.4441338   0.4708024
0.791	 0.4442682   0.4709231
0.792	 0.4444028   0.4710439
0.793	 0.4445368   0.4711663
0.794	 0.4446713   0.4712885
0.795	 0.4448081   0.4714071
0.796	 0.4449455   0.4715256
0.797	 0.4450877   0.4716358
0.798	 0.4452297   0.4717466
0.799	 0.4453723   0.4718535
0.8	 0.4455148   0.4719610
0.801	 0.4456176   0.4720360
0.802	 0.4457206   0.4721105
0.803	 0.4458187   0.4721896
0.804	 0.4459164   0.4722689
0.805	 0.4460106   0.4723513
0.806	 0.4461045   0.4724341
0.807	 0.4461957   0.4725193
0.808	 0.4462868   0.4726051
0.809	 0.4463755   0.4726929
0.81	 0.4464645   0.4727810
0.811	 0.4465436   0.4728611
0.812	 0.4466223   0.4729416
0.813	 0.4467007   0.4730232
0.814	 0.4467788   0.4731046
0.815	 0.4468578   0.4731861
0.816	 0.4469364   0.4732680
0.817	 0.4470178   0.4733506
0.818	 0.4470990   0.4734336
0.819	 0.4471831   0.4735167
0.82	 0.4472673   0.4735998
0.821	 0.4473462   0.4736768
0.822	 0.4474252   0.4737531
0.823	 0.4475045   0.4738292
0.824	 0.4475843   0.4739048
0.825	 0.4476642   0.4739807
0.826	 0.4477441   0.4740564
0.827	 0.4478240   0.4741322
0.828	 0.4479039   0.4742081
0.829	 0.4479836   0.4742845
0.83	 0.4480633   0.4743608
0.831	 0.4481371   0.4744318
0.832	 0.4482111   0.4745031
0.833	 0.4482839   0.4745753
0.834	 0.4483570   0.4746471
0.835	 0.4484288   0.4747197
0.836	 0.4485004   0.4747923
0.837	 0.4485709   0.4748658
0.838	 0.4486415   0.4749395
0.839	 0.4487109   0.4750134
0.84	 0.4487804   0.4750873
0.841	 0.4488449   0.4751578
0.842	 0.4489094   0.4752281
0.843	 0.4489733   0.4752986
0.844	 0.4490373   0.4753692
0.845	 0.4491005   0.4754405
0.846	 0.4491641   0.4755114
0.847	 0.4492273   0.4755826
0.848	 0.4492905   0.4756539
0.849	 0.4493535   0.4757257
0.85	 0.4494168   0.4757970
0.851	 0.4494755   0.4758645
0.852	 0.4495347   0.4759316
0.853	 0.4495946   0.4760002
0.854	 0.4496548   0.4760684
0.855	 0.4497148   0.4761371
0.856	 0.4497749   0.4762059
0.857	 0.4498349   0.4762746
0.858	 0.4498949   0.4763434
0.859	 0.4499547   0.4764126
0.86	 0.4500143   0.4764818
0.861	 0.4500693   0.4765461
0.862	 0.4501240   0.4766108
0.863	 0.4501782   0.4766759
0.864	 0.4502325   0.4767410
0.865	 0.4502864   0.4768065
0.866	 0.4503401   0.4768724
0.867	 0.4503933   0.4769386
0.868	 0.4504467   0.4770050
0.869	 0.4504985   0.4770713
0.87	 0.4505504   0.4771377
0.871	 0.4505976   0.4772007
0.872	 0.4506454   0.4772636
0.873	 0.4506918   0.4773273
0.874	 0.4507385   0.4773906
0.875	 0.4507843   0.4774544
0.876	 0.4508302   0.4775183
0.877	 0.4508753   0.4775823
0.878	 0.4509205   0.4776462
0.879	 0.4509648   0.4777107
0.88	 0.4510096   0.4777750
0.881	 0.4510502   0.4778365
0.882	 0.4510910   0.4778982
0.883	 0.4511316   0.4779597
0.884	 0.4511720   0.4780217
0.885	 0.4512135   0.4780849
0.886	 0.4512548   0.4781486
0.887	 0.4512974   0.4782136
0.888	 0.4513398   0.4782784
0.889	 0.4513825   0.4783436
0.89	 0.4514247   0.4784090
0.891	 0.4514626   0.4784700
0.892	 0.4515004   0.4785308
0.893	 0.4515384   0.4785920
0.894	 0.4515764   0.4786530
0.895	 0.4516147   0.4787137
0.896	 0.4516527   0.4787748
0.897	 0.4516909   0.4788361
0.898	 0.4517290   0.4788973
0.899	 0.4517676   0.4789583
0.9	 0.4518060   0.4790190
0.901	 0.4518415   0.4790761
0.902	 0.4518765   0.4791335
0.903	 0.4519115   0.4791900
0.904	 0.4519464   0.4792465
0.905	 0.4519819   0.4793029
0.906	 0.4520172   0.4793590
0.907	 0.4520523   0.4794157
0.908	 0.4520879   0.4794722
0.909	 0.4521234   0.4795285
0.91	 0.4521585   0.4795853
0.911	 0.4521913   0.4796404
0.912	 0.4522246   0.4796952
0.913	 0.4522568   0.4797504
0.914	 0.4522894   0.4798053
0.915	 0.4523207   0.4798611
0.916	 0.4523522   0.4799164
0.917	 0.4523825   0.4799719
0.918	 0.4524130   0.4800276
0.919	 0.4524298   0.4800716
0.92	 0.4524471   0.4801153
0.921	 0.4523653   0.4800599
0.922	 0.4522836   0.4800045
0.923	 0.4521436   0.4798910
0.924	 0.4520041   0.4797773
0.925	 0.4517774   0.4795765
0.926	 0.4515511   0.4793754
0.927	 0.4512102   0.4790577
0.928	 0.4508696   0.4787403
0.929	 0.4503864   0.4782776
0.93	 0.4499042   0.4778159
0.931	 0.4492611   0.4771895
0.932	 0.4486198   0.4765647
0.933	 0.4478628   0.4758215
0.934	 0.4471082   0.4750806
0.935	 0.4462993   0.4742832
0.936	 0.4454931   0.4734885
0.937	 0.4446898   0.4726959
0.938	 0.4438893   0.4719060
0.939	 0.4431148   0.4711419
0.94	 0.4423428   0.4703804
0.941	 0.4415932   0.4696416
0.942	 0.4408460   0.4689053
0.943	 0.4401218   0.4681923
0.944	 0.4394000   0.4674818
0.945	 0.4386998   0.4667933
0.946	 0.4380017   0.4661068
0.947	 0.4373247   0.4654427
0.948	 0.4366497   0.4647804
0.949	 0.4360087   0.4641538
0.95	 0.4353694   0.4635288
0.951	 0.4347829   0.4629594
0.952	 0.4341982   0.4623910
0.953	 0.4336882   0.4619006
0.954	 0.4331791   0.4614119
0.955	 0.4327652   0.4610215
0.956	 0.4323517   0.4606322
0.957	 0.4320486   0.4603571
0.958	 0.4317460   0.4600824
0.959	 0.4315285   0.4598964
0.96	 0.4313109   0.4597104
0.961	 0.4311324   0.4595660
0.962	 0.4309542   0.4594219
0.963	 0.4307718   0.4592741
0.964	 0.4305892   0.4591270
0.965	 0.4303936   0.4589671
0.966	 0.4301982   0.4588075
0.967	 0.4300181   0.4586643
0.968	 0.4298378   0.4585216
0.969	 0.4297034   0.4584261
0.97	 0.4295686   0.4583309
0.971	 0.4294977   0.4583021
0.972	 0.4294268   0.4582733
0.973	 0.4294096   0.4583004
0.974	 0.4293924   0.4583275
0.975	 0.4294149   0.4583969
0.976	 0.4294378   0.4584658
0.977	 0.4294865   0.4585630
0.978	 0.4295354   0.4586602
0.979	 0.4295969   0.4587712
0.98	 0.4296587   0.4588817
0.981	 0.4297236   0.4589978
0.982	 0.4297891   0.4591137
0.983	 0.4298570   0.4592335
0.984	 0.4299253   0.4593530
0.985	 0.4299989   0.4594794
0.986	 0.4300725   0.4596060
0.987	 0.4301561   0.4597435
0.988	 0.4302395   0.4598815
0.989	 0.4303378   0.4600350
0.99	 0.4305534   0.4603636
0.991	 0.4306711   0.4605385
0.992	 0.4308138   0.4607399
0.993	 0.4309564   0.4609419
0.994	 0.4311445   0.4611915
0.995	 0.4313328   0.4614413
0.996	 0.4315967   0.4617697
0.997	 0.4318606   0.4620988
0.998	 0.4322300   0.4625372
0.999	 0.4325999   0.4629762
1	 0.4334843   0.4639458
1.001	 0.4339484   0.4644825
1.002	 0.4344696   0.4650801
1.003	 0.4349922   0.4656786
1.004	 0.4355230   0.4662869
1.005	 0.4360550   0.4668966
1.006	 0.4365452   0.4674648
1.007	 0.4370368   0.4680336
1.008	 0.4374373   0.4685105
1.009	 0.4378386   0.4689881
1.01	 0.4381394   0.4693632
1.011	 0.4384407   0.4697388
1.012	 0.4386771   0.4700485
1.013	 0.4389137   0.4703585
1.014	 0.4391236   0.4706417
1.015	 0.4393336   0.4709252
1.016	 0.4395558   0.4712212
1.017	 0.4397781   0.4715174
1.018	 0.4400493   0.4718645
1.019	 0.4403206   0.4722120
1.02	 0.4406447   0.4726137
1.021	 0.4409691   0.4730158
1.022	 0.4413176   0.4734428
1.023	 0.4416666   0.4738704
1.024	 0.4420095   0.4742924
1.025	 0.4423529   0.4747150
1.026	 0.4426603   0.4751007
1.027	 0.4429681   0.4754868
1.028	 0.4432104   0.4758070
1.029	 0.4434533   0.4761271
1.03	 0.4436260   0.4763758
1.031	 0.4437988   0.4766248
1.032	 0.4439153   0.4768173
1.033	 0.4440318   0.4770098
1.034	 0.4441071   0.4771606
1.035	 0.4441823   0.4773115
1.036	 0.4442308   0.4774364
1.037	 0.4442793   0.4775614
1.038	 0.4443151   0.4776749
1.039	 0.4443510   0.4777884
1.04	 0.4443813   0.4778969
1.041	 0.4444112   0.4780060
1.042	 0.4444371   0.4781116
1.043	 0.4444630   0.4782173
1.044	 0.4444861   0.4783216
1.045	 0.4445095   0.4784255
1.046	 0.4445315   0.4785296
1.047	 0.4445537   0.4786337
1.048	 0.4445763   0.4787392
1.049	 0.4445992   0.4788443
1.05	 0.4446239   0.4789527
1.051	 0.4446489   0.4790608
1.052	 0.4446752   0.4791710
1.053	 0.4447013   0.4792818
1.054	 0.4447222   0.4793865
1.055	 0.4447430   0.4794911
1.056	 0.4447492   0.4795815
1.057	 0.4447555   0.4796720
1.058	 0.4447398   0.4797398
1.059	 0.4447237   0.4798081
1.06	 0.4444063   0.4795650
1.061	 0.4440890   0.4793226
1.062	 0.4437573   0.4790654
1.063	 0.4434258   0.4788092
1.064	 0.4430837   0.4785419
1.065	 0.4427421   0.4782751
1.066	 0.4423933   0.4780010
1.067	 0.4420448   0.4777278
1.068	 0.4416926   0.4774516
1.069	 0.4413409   0.4771757
1.07	 0.4409892   0.4769000
1.071	 0.4406378   0.4766251
1.072	 0.4402886   0.4763533
1.073	 0.4399402   0.4760815
1.074	 0.4395937   0.4758132
1.075	 0.4392480   0.4755449
1.076	 0.4389040   0.4752799
1.077	 0.4385607   0.4750148
1.078	 0.4382192   0.4747522
1.079	 0.4378781   0.4744901
1.08	 0.4375387   0.4742297
1.081	 0.4371998   0.4739698
1.082	 0.4368621   0.4737117
1.083	 0.4365252   0.4734538
1.084	 0.4361891   0.4731974
1.085	 0.4358538   0.4729410
1.086	 0.4355194   0.4726856
1.087	 0.4351852   0.4724310
1.088	 0.4348525   0.4721772
1.089	 0.4345202   0.4719238
1.09	 0.4341914   0.4716740
1.091	 0.4338631   0.4714246
1.092	 0.4335414   0.4711813
1.093	 0.4332198   0.4709388
1.094	 0.4329075   0.4707053
1.095	 0.4325957   0.4704721
1.096	 0.4322954   0.4702516
1.097	 0.4319958   0.4700310
1.098	 0.4317058   0.4698211
1.099	 0.4314164   0.4696111
1.1	 0.4313266   0.4696086
1.101	 0.4312372   0.4696057
1.102	 0.4311053   0.4695596
1.103	 0.4309734   0.4695136
1.104	 0.4306380   0.4692567
1.105	 0.4303032   0.4690001
1.106	 0.4298849   0.4686571
1.107	 0.4294671   0.4683153
1.108	 0.4289619   0.4678828
1.109	 0.4284583   0.4674510
1.11	 0.4279073   0.4669708
1.111	 0.4273577   0.4664919
1.112	 0.4268087   0.4660127
1.113	 0.4262606   0.4655352
1.114	 0.4257856   0.4651327
1.115	 0.4253116   0.4647311
1.116	 0.4248609   0.4643537
1.117	 0.4244114   0.4639767
1.118	 0.4239495   0.4635867
1.119	 0.4234885   0.4631975
1.12	 0.4229803   0.4627577
1.121	 0.4224729   0.4623194
1.122	 0.4218831   0.4617946
1.123	 0.4212952   0.4612708
1.124	 0.4205428   0.4605752
1.125	 0.4197927   0.4598824
1.126	 0.4188933   0.4590327
1.127	 0.4179971   0.4581867
1.128	 0.4169428   0.4571744
1.129	 0.4158931   0.4561673
1.13	 0.4147189   0.4550296
1.131	 0.4135509   0.4538977
1.132	 0.4122960   0.4526751
1.133	 0.4110481   0.4514592
1.134	 0.4097231   0.4501625
1.135	 0.4084059   0.4488734
1.136	 0.4070751   0.4475697
1.137	 0.4057521   0.4462736
1.138	 0.4044617   0.4450109
1.139	 0.4031784   0.4437560
1.14	 0.4019898   0.4425995
1.141	 0.4008075   0.4414491
1.142	 0.3997812   0.4404622
1.143	 0.3987600   0.4394793
1.144	 0.3979089   0.4386749
1.145	 0.3970610   0.4378735
1.146	 0.3964852   0.4373558
1.147	 0.3959107   0.4368400
1.148	 0.3954851   0.4364800
1.149	 0.3950606   0.4361202
1.15	 0.3944695   0.4355860
1.151	 0.3938800   0.4350533
1.152	 0.3930871   0.4343066
1.153	 0.3922970   0.4335627
1.154	 0.3916972   0.4330172
1.155	 0.3910991   0.4324733
1.156	 0.3905106   0.4319386
1.157	 0.3899240   0.4314050
1.158	 0.3894518   0.4309913
1.159	 0.3889810   0.4305781
1.16	 0.3887054   0.4303695
1.161	 0.3884302   0.4301607
1.162	 0.3882718   0.4300743
1.163	 0.3881135   0.4299880
1.164	 0.3873903   0.4293081
1.165	 0.3866695   0.4286305
1.166	 0.3859600   0.4279646
1.167	 0.3852527   0.4273009
1.168	 0.3845654   0.4266579
1.169	 0.3838803   0.4260169
1.17	 0.3832229   0.4254050
1.171	 0.3825672   0.4247954
1.172	 0.3819443   0.4242194
1.173	 0.3813230   0.4236456
1.174	 0.3810103   0.4233963
1.175	 0.3806977   0.4231478
1.176	 0.3804239   0.4229393
1.177	 0.3801501   0.4227315
1.178	 0.3799104   0.4225595
1.179	 0.3796709   0.4223878
1.18	 0.3794554   0.4222413
1.181	 0.3792401   0.4220950
1.182	 0.3790386   0.4219632
1.183	 0.3788374   0.4218316
1.184	 0.3787952   0.4218661
1.185	 0.3787529   0.4219011
1.186	 0.3787049   0.4219296
1.187	 0.3786571   0.4219581
1.188	 0.3786025   0.4219788
1.189	 0.3785480   0.4219996
1.19	 0.3784908   0.4220169
1.191	 0.3784339   0.4220337
1.192	 0.3783785   0.4220514
1.193	 0.3783232   0.4220691
1.194	 0.3782721   0.4220907
1.195	 0.3782211   0.4221123
1.196	 0.3781798   0.4221433
1.197	 0.3781384   0.4221744
1.198	 0.3781107   0.4222199
1.199	 0.3780829   0.4222653
1.2	 0.3780738   0.4223304
1.201	 0.3780647   0.4223956
1.202	 0.3780824   0.4224890
1.203	 0.3780998   0.4225830
1.204	 0.3782025   0.4227670
1.205	 0.3783053   0.4229510
1.206	 0.3784518   0.4231828
1.207	 0.3785986   0.4234141
1.208	 0.3787980   0.4237026
1.209	 0.3789976   0.4239913
1.21	 0.3792509   0.4243376
1.211	 0.3795045   0.4246841
1.212	 0.3797930   0.4250684
1.213	 0.3800819   0.4254531
1.214	 0.3805011   0.4259762
1.215	 0.3809208   0.4265006
1.216	 0.3813323   0.4270156
1.217	 0.3817442   0.4275320
1.218	 0.3821253   0.4280159
1.219	 0.3825070   0.4285005
1.22	 0.3828438   0.4289378
1.221	 0.3831808   0.4293762
1.222	 0.3834762   0.4297698
1.223	 0.3837719   0.4301639
1.224	 0.3839100   0.4303918
1.225	 0.3840481   0.4306197
1.226	 0.3841550   0.4308138
1.227	 0.3842616   0.4310086
1.228	 0.3843423   0.4311752
1.229	 0.3844230   0.4313419
1.23	 0.3844830   0.4314868
1.231	 0.3845430   0.4316317
1.232	 0.3845884   0.4317612
1.233	 0.3846340   0.4318903
1.234	 0.3846864   0.4320272
1.235	 0.3847386   0.4321642
1.236	 0.3848132   0.4323240
1.237	 0.3848876   0.4324843
1.238	 0.3850056   0.4326901
1.239	 0.3851235   0.4328964
1.24	 0.3853066   0.4331711
1.241	 0.3854896   0.4334464
1.242	 0.3857556   0.4338095
1.243	 0.3860222   0.4341726
1.244	 0.3863476   0.4345986
1.245	 0.3866735   0.4350253
1.246	 0.3870277   0.4354818
1.247	 0.3873824   0.4359390
1.248	 0.3877275   0.4363861
1.249	 0.3880731   0.4368339
1.25	 0.3883709   0.4372311
1.251	 0.3886692   0.4376289
1.252	 0.3888855   0.4379402
1.253	 0.3891020   0.4382517
1.254	 0.3890728   0.4383035
1.255	 0.3890436   0.4383554
1.256	 0.3889479   0.4383362
1.257	 0.3888519   0.4383175
1.258	 0.3887049   0.4382448
1.259	 0.3885579   0.4381722
1.26	 0.3883758   0.4380616
1.261	 0.3881936   0.4379517
1.262	 0.3879919   0.4378204
1.263	 0.3877901   0.4376897
1.264	 0.3877865   0.4377680
1.265	 0.3877827   0.4378469
1.266	 0.3877842   0.4379314
1.267	 0.3877859   0.4380155
1.268	 0.3877901   0.4381030
1.269	 0.3877944   0.4381905
1.27	 0.3877973   0.4382768
1.271	 0.3878003   0.4383630
1.272	 0.3877961   0.4384418
1.273	 0.3877916   0.4385210
1.274	 0.3877892   0.4386017
1.275	 0.3877865   0.4386829
1.276	 0.3877454   0.4387234
1.277	 0.3877043   0.4387639
1.278	 0.3876077   0.4387457
1.279	 0.3875109   0.4387281
1.28	 0.3873421   0.4386334
1.281	 0.3871734   0.4385388
1.282	 0.3869260   0.4383607
1.283	 0.3866790   0.4381830
1.284	 0.3862413   0.4378031
1.285	 0.3858049   0.4374235
1.286	 0.3853718   0.4370475
1.287	 0.3849399   0.4366718
1.288	 0.3845569   0.4363480
1.289	 0.3841746   0.4360248
1.29	 0.3838868   0.4358004
1.291	 0.3835991   0.4355767
1.292	 0.3834196   0.4354664
1.293	 0.3832403   0.4353563
1.294	 0.3830918   0.4352772
1.295	 0.3829431   0.4351987
1.296	 0.3827025   0.4350212
1.297	 0.3824620   0.4348444
1.298	 0.3820197   0.4344523
1.299	 0.3815784   0.4340611
1.3	 0.3808272   0.4333404
1.301	 0.3800790   0.4326218
1.302	 0.3789972   0.4315488
1.303	 0.3779206   0.4304811
1.304	 0.3767438   0.4293068
1.305	 0.3755733   0.4281388
1.306	 0.3744922   0.4270655
1.307	 0.3734162   0.4259980
1.308	 0.3726171   0.4252259
1.309	 0.3718209   0.4244568
1.31	 0.3712760   0.4239569
1.311	 0.3707328   0.4234579
1.312	 0.3703339   0.4231143
1.313	 0.3699355   0.4227719
1.314	 0.3695418   0.4224345
1.315	 0.3691488   0.4220978
1.316	 0.3686913   0.4216928
1.317	 0.3682348   0.4212888
1.318	 0.3676114   0.4207064
1.319	 0.3669898   0.4201257
1.32	 0.3661016   0.4192597
1.321	 0.3652170   0.4183974
1.322	 0.3640513   0.4172332
1.323	 0.3628920   0.4160753
1.324	 0.3615812   0.4147546
1.325	 0.3602787   0.4134414
1.326	 0.3589815   0.4121330
1.327	 0.3576925   0.4108321
1.328	 0.3565098   0.4096436
1.329	 0.3553341   0.4084613
1.33	 0.3541791   0.4073006
1.331	 0.3530308   0.4061458
1.332	 0.3517726   0.4048722
1.333	 0.3505222   0.4036057
1.334	 0.3489517   0.4019942
1.335	 0.3473933   0.4003940
1.336	 0.3454811   0.3984119
1.337	 0.3435867   0.3964475
1.338	 0.3412917   0.3940500
1.339	 0.3390230   0.3916777
1.34	 0.3365318   0.3890640
1.341	 0.3340716   0.3864806
1.342	 0.3316033   0.3838858
1.343	 0.3291656   0.3813217
1.344	 0.3268982   0.3789396
1.345	 0.3246571   0.3765837
1.346	 0.3227922   0.3746347
1.347	 0.3209454   0.3727029
1.348	 0.3195274   0.3712362
1.349	 0.3181199   0.3697798
1.35	 0.3168438   0.3684654
1.351	 0.3155763   0.3671595
1.352	 0.3140939   0.3656195
1.353	 0.3126232   0.3640910
1.354	 0.3105743   0.3619311
1.355	 0.3085476   0.3597939
1.356	 0.3056744   0.3567298
1.357	 0.3028453   0.3537101
1.358	 0.2991635   0.3497538
1.359	 0.2955555   0.3458711
1.36	 0.2916895   0.3416990
1.361	 0.2879061   0.3376110
1.362	 0.2844742   0.3339031
1.363	 0.2811091   0.3302626
1.364	 0.2785445   0.3275020
1.365	 0.2760179   0.3247801
1.366	 0.2739871   0.3226040
1.367	 0.2719808   0.3204518
1.368	 0.2699999   0.3183267
1.369	 0.2680426   0.3162245
1.37	 0.2656745   0.3136631
1.371	 0.2633404   0.3111353
1.372	 0.2601980   0.3077020
1.373	 0.2571162   0.3043300
1.374	 0.2529216   0.2997042
1.375	 0.2488370   0.2951895
1.376	 0.2433486   0.2890814
1.377	 0.2380535   0.2831699
1.378	 0.2315263   0.2758382
1.379	 0.2252830   0.2687973
1.38	 0.2184747   0.2610766
1.381	 0.2119913   0.2536895
1.382	 0.2055105   0.2462670
1.383	 0.1993419   0.2391663
1.384	 0.1935780   0.2325001
1.385	 0.1880767   0.2261055
1.386	 0.1833131   0.2205482
1.387	 0.1787402   0.2151886
1.388	 0.1748272   0.2105898
1.389	 0.1710498   0.2061323
1.39	 0.1674733   0.2018960
1.391	 0.1640155   0.1977836
1.392	 0.1603590   0.1934112
1.393	 0.1568319   0.1891753
1.394	 0.1527751   0.1842683
1.395	 0.1488855   0.1795380
1.396	 0.1442614   0.1738672
1.397	 0.1398668   0.1684410
1.398	 0.1349150   0.1622711
1.399	 0.1302452   0.1564045
1.4	 0.1254840   0.1503676
1.401	 0.1210059   0.1446382
1.402	 0.1167841   0.1391879
1.403	 0.1128056   0.1340048
1.404	 0.1092659   0.1293556
1.405	 0.1059129   0.1249135
1.406	 0.1032151   0.1213191
1.407	 0.1006350   0.1178563
1.408	 0.0986748   0.1152188
1.409	 0.0967809   0.1126563
1.41	 0.0953508   0.1107225
1.411	 0.0939578   0.1088307
1.412	 0.0929026   0.1074035
1.413	 0.0918682   0.1059999
1.414	 0.0910350   0.1048749
1.415	 0.0902151   0.1037652
1.416	 0.0895412   0.1028595
1.417	 0.0888762   0.1019638
1.418	 0.0882878   0.1011750
1.419	 0.0877061   0.1003941
1.42	 0.0871455   0.0996412
1.421	 0.0865912   0.0988955
1.422	 0.0860059   0.0981038
1.423	 0.0854277   0.0973198
1.424	 0.0847446   0.0963819
1.425	 0.0840713   0.0954552
1.426	 0.0831987   0.0942348
1.427	 0.0823428   0.0930336
1.428	 0.0811995   0.0914049
1.429	 0.0800860   0.0898110
1.43	 0.0787419   0.0878649
1.431	 0.0774409   0.0859696
1.432	 0.0764082   0.0844665
1.433	 0.0754023   0.0829950
1.434	 0.0749132   0.0823016
1.435	 0.0744302   0.0816152
1.436	 0.0742318   0.0813616
1.437	 0.0740344   0.0811088
1.438	 0.0739018   0.0809554
1.439	 0.0737697   0.0808022
1.44	 0.0735549   0.0805228
1.441	 0.0733412   0.0802447
1.442	 0.0731064   0.0799341
1.443	 0.0728730   0.0796251
1.444	 0.0727395   0.0794697
1.445	 0.0726063   0.0793149
1.446	 0.0726322   0.0794058
1.447	 0.0726582   0.0794968
1.448	 0.0727925   0.0797554
1.449	 0.0729273   0.0800149
1.45	 0.0730577   0.0802679
1.451	 0.0731887   0.0805218
1.452	 0.0732048   0.0805996
1.453	 0.0732209   0.0806775
1.454	 0.0731405   0.0806078
1.455	 0.0730604   0.0805379
1.456	 0.0730113   0.0805169
1.457	 0.0729623   0.0804957
1.458	 0.0730835   0.0807377
1.459	 0.0732054   0.0809804
1.46	 0.0736417   0.0817078
1.461	 0.0740839   0.0824427
1.462	 0.0749807   0.0838720
1.463	 0.0759006   0.0853307
1.464	 0.0770409   0.0871176
1.465	 0.0782170   0.0889491
1.466	 0.0790644   0.0902803
1.467	 0.0799309   0.0916354
1.468	 0.0804117   0.0924126
1.469	 0.0808985   0.0931977
1.47	 0.0811339   0.0936089
1.471	 0.0813709   0.0940221
1.472	 0.0815052   0.0942832
1.473	 0.0816401   0.0945451
1.474	 0.0818355   0.0948971
1.475	 0.0820320   0.0952503
1.476	 0.0824080   0.0958698
1.477	 0.0827878   0.0964939
1.478	 0.0833484   0.0973844
1.479	 0.0839168   0.0982846
1.48	 0.0846346   0.0994026
1.481	 0.0853646   0.1005360
1.482	 0.0862111   0.1018371
1.483	 0.0870743   0.1031583
1.484	 0.0880015   0.1045697
1.485	 0.0889478   0.1060043
1.486	 0.0899343   0.1074928
1.487	 0.0909417   0.1090067
1.488	 0.0919442   0.1105101
1.489	 0.0929676   0.1120388
1.49	 0.0939560   0.1135134
1.491	 0.0949638   0.1150122
1.492	 0.0959285   0.1164465
1.493	 0.0969115   0.1179026
1.494	 0.0978638   0.1193129
1.495	 0.0988334   0.1207442
1.496	 0.0997525   0.1221021
1.497	 0.1006871   0.1234793
1.498	 0.1015878   0.1248064
1.499	 0.1025032   0.1261513
1.5	 0.1034057   0.1274767
1.501	 0.1043227   0.1288191
1.502	 0.1052504   0.1301743
1.503	 0.1061930   0.1315472
1.504	 0.1071869   0.1329876
1.505	 0.1081972   0.1344480
1.506	 0.1092730   0.1359949
1.507	 0.1103679   0.1375640
1.508	 0.1115573   0.1392580
1.509	 0.1127691   0.1409786
1.51	 0.1140641   0.1428069
1.511	 0.1153848   0.1446656
1.512	 0.1167358   0.1465597
1.513	 0.1181141   0.1484854
1.514	 0.1194572   0.1503588
1.515	 0.1208263   0.1522626
1.516	 0.1221211   0.1540623
1.517	 0.1234395   0.1558896
1.518	 0.1246821   0.1576128
1.519	 0.1259460   0.1593603
1.52	 0.1271387   0.1610110
1.521	 0.1283506   0.1626838
1.522	 0.1294970   0.1642676
1.523	 0.1306606   0.1658717
1.524	 0.1317852   0.1674225
1.525	 0.1329260   0.1689922
1.526	 0.1340163   0.1704939
1.527	 0.1351214   0.1720133
1.528	 0.1361854   0.1734772
1.529	 0.1372633   0.1749574
1.53	 0.1383184   0.1764074
1.531	 0.1393870   0.1778730
1.532	 0.1404581   0.1793413
1.533	 0.1415431   0.1808251
1.534	 0.1426278   0.1823079
1.535	 0.1437264   0.1838062
1.536	 0.1448838   0.1853792
1.537	 0.1460568   0.1869696
1.538	 0.1473158   0.1886688
1.539	 0.1485927   0.1903881
1.54	 0.1499426   0.1921983
1.541	 0.1513125   0.1940315
1.542	 0.1527189   0.1959082
1.543	 0.1541466   0.1978092
1.544	 0.1555534   0.1996812
1.545	 0.1569812   0.2015769
1.546	 0.1583607   0.2034089
1.547	 0.1597598   0.2052636
1.548	 0.1610695   0.2070033
1.549	 0.1623966   0.2087629
1.55	 0.1636359   0.2104106
1.551	 0.1648905   0.2120759
1.552	 0.1660794   0.2136575
1.553	 0.1672823   0.2152546
1.554	 0.1684692   0.2168303
1.555	 0.1696696   0.2184219
1.556	 0.1708273   0.2199587
1.557	 0.1719978   0.2215100
1.558	 0.1731014   0.2229779
1.559	 0.1742166   0.2244585
1.56	 0.1752388   0.2258237
1.561	 0.1762707   0.2272001
1.562	 0.1771825   0.2284275
1.563	 0.1781019   0.2296638
1.564	 0.1788503   0.2306890
1.565	 0.1796037   0.2317208
1.566	 0.1801804   0.2325342
1.567	 0.1807599   0.2333518
1.568	 0.1811503   0.2339367
1.569	 0.1815420   0.2345235
1.57	 0.1818056   0.2349529
1.571	 0.1820699   0.2353832
1.572	 0.1822895   0.2357587
1.573	 0.1825096   0.2361345
1.574	 0.1827628   0.2365509
1.575	 0.1830166   0.2369682
1.576	 0.1833964   0.2375400
1.577	 0.1837774   0.2381138
1.578	 0.1843726   0.2389496
1.579	 0.1849710   0.2397892
1.58	 0.1858729   0.2409998
1.581	 0.1867817   0.2422191
1.582	 0.1879733   0.2437829
1.583	 0.1891772   0.2453607
1.584	 0.1905139   0.2470990
1.585	 0.1918657   0.2488543
1.586	 0.1931139   0.2504812
1.587	 0.1943750   0.2521228
1.588	 0.1953749   0.2534452
1.589	 0.1963830   0.2547772
1.59	 0.1971519   0.2558178
1.591	 0.1979259   0.2568637
1.592	 0.1985211   0.2576930
1.593	 0.1991193   0.2585259
1.594	 0.1996395   0.2592648
1.595	 0.2001619   0.2600064
1.596	 0.2006357   0.2606897
1.597	 0.2011113   0.2613754
1.598	 0.2016058   0.2620847
1.599	 0.2021022   0.2627971
1.6	 0.2026843   0.2636140
1.601	 0.2032690   0.2644342
1.602	 0.2039534   0.2653758
1.603	 0.2046414   0.2663223
1.604	 0.2053936   0.2673464
1.605	 0.2061502   0.2683758
1.606	 0.2069262   0.2694293
1.607	 0.2077071   0.2704878
1.608	 0.2084643   0.2715181
1.609	 0.2092258   0.2725537
1.61	 0.2099211   0.2735091
1.611	 0.2106202   0.2744685
1.612	 0.2112428   0.2753362
1.613	 0.2118686   0.2762071
1.614	 0.2124238   0.2769923
1.615	 0.2129815   0.2777804
1.616	 0.2134988   0.2785194
1.617	 0.2140182   0.2792608
1.618	 0.2145166   0.2799764
1.619	 0.2150170   0.2806937
1.62	 0.2155158   0.2814093
1.621	 0.2160168   0.2821268
1.622	 0.2165363   0.2828667
1.623	 0.2170580   0.2836086
1.624	 0.2175773   0.2843477
1.625	 0.2180988   0.2850888
1.626	 0.2186439   0.2858582
1.627	 0.2191913   0.2866299
1.628	 0.2197470   0.2874108
1.629	 0.2203047   0.2881951
1.63	 0.2208552   0.2889690
1.631	 0.2214076   0.2897463
1.632	 0.2219364   0.2904943
1.633	 0.2224673   0.2912444
1.634	 0.2229644   0.2919538
1.635	 0.2234632   0.2926655
1.636	 0.2239267   0.2933349
1.637	 0.2243919   0.2940057
1.638	 0.2248256   0.2946388
1.639	 0.2252606   0.2952735
1.64	 0.2256678   0.2958751
1.641	 0.2260764   0.2964777
1.642	 0.2264609   0.2970523
1.643	 0.2268466   0.2976277
1.644	 0.2271480   0.2981021
1.645	 0.2274498   0.2985780
1.646	 0.2277356   0.2990341
1.647	 0.2280219   0.2994916
1.648	 0.2282963   0.2999344
1.649	 0.2285711   0.3003784
1.65	 0.2288365   0.3008113
1.651	 0.2291024   0.3012449
1.652	 0.2293511   0.3016581
1.653	 0.2296002   0.3020719
1.654	 0.2297522   0.3023703
1.655	 0.2299046   0.3026684
1.656	 0.2300157   0.3029180
1.657	 0.2301271   0.3031672
1.658	 0.2301855   0.3033531
1.659	 0.2302439   0.3035390
1.66	 0.2302397   0.3036507
1.661	 0.2302357   0.3037619
1.662	 0.2301722   0.3038011
1.663	 0.2301085   0.3038408
1.664	 0.2299068   0.3037142
1.665	 0.2297054   0.3035877
1.666	 0.2294580   0.3034059
1.667	 0.2292111   0.3032239
1.668	 0.2289250   0.3029947
1.669	 0.2286395   0.3027659
1.67	 0.2283217   0.3024974
1.671	 0.2280046   0.3022295
1.672	 0.2276620   0.3019300
1.673	 0.2273201   0.3016312
1.674	 0.2269253   0.3012675
1.675	 0.2265316   0.3009042
1.676	 0.2261258   0.3005259
1.677	 0.2257212   0.3001481
1.678	 0.2253111   0.2997626
1.679	 0.2249020   0.2993787
1.68	 0.2244941   0.2989938
1.681	 0.2240874   0.2986100
1.682	 0.2236879   0.2982338
1.683	 0.2232894   0.2978586
1.684	 0.2228095   0.2973829
1.685	 0.2223310   0.2969086
1.686	 0.2218722   0.2964562
1.687	 0.2214148   0.2960051
1.688	 0.2209768   0.2955765
1.689	 0.2205400   0.2951490
1.69	 0.2201201   0.2947403
1.691	 0.2197013   0.2943333
1.692	 0.2192967   0.2939418
1.693	 0.2188930   0.2935519
1.694	 0.2185398   0.2932217
1.695	 0.2181872   0.2928927
1.696	 0.2178434   0.2925736
1.697	 0.2175004   0.2922552
1.698	 0.2171639   0.2919437
1.699	 0.2168279   0.2916334
1.7	 0.2164918   0.2913220
1.701	 0.2161564   0.2910113
1.702	 0.2158051   0.2906807
1.703	 0.2154546   0.2903510
1.704	 0.2151394   0.2900644
1.705	 0.2148251   0.2897778
1.706	 0.2144612   0.2894302
1.707	 0.2140982   0.2890835
1.708	 0.2136697   0.2886554
1.709	 0.2132424   0.2882285
1.71	 0.2127451   0.2877143
1.711	 0.2122493   0.2872024
1.712	 0.2117001   0.2866227
1.713	 0.2111530   0.2860451
1.714	 0.2105986   0.2854572
1.715	 0.2100465   0.2848709
1.716	 0.2094770   0.2842625
1.717	 0.2089099   0.2836559
1.718	 0.2083432   0.2830484
1.719	 0.2077789   0.2824426
1.72	 0.2072267   0.2818502
1.721	 0.2066766   0.2812601
1.722	 0.2061411   0.2806868
1.723	 0.2056079   0.2801150
1.724	 0.2052123   0.2797128
1.725	 0.2048178   0.2793115
1.726	 0.2044412   0.2789308
1.727	 0.2040656   0.2785509
1.728	 0.2037094   0.2781942
1.729	 0.2033543   0.2778378
1.73	 0.2030087   0.2774931
1.731	 0.2026642   0.2771486
1.732	 0.2023053   0.2767845
1.733	 0.2019471   0.2764218
1.734	 0.2017151   0.2762148
1.735	 0.2014835   0.2760080
1.736	 0.2011873   0.2757191
1.737	 0.2008916   0.2754312
1.738	 0.2005076   0.2750315
1.739	 0.2001246   0.2746328
1.74	 0.1996464   0.2741138
1.741	 0.1991699   0.2735965
1.742	 0.1986091   0.2729725
1.743	 0.1980509   0.2723504
1.744	 0.1973153   0.2715051
1.745	 0.1965837   0.2706639
1.746	 0.1957929   0.2697467
1.747	 0.1950069   0.2688344
1.748	 0.1941735   0.2678605
1.749	 0.1933454   0.2668921
1.75	 0.1924810   0.2658767
1.751	 0.1916226   0.2648668
1.752	 0.1907353   0.2638191
1.753	 0.1898541   0.2627777
1.754	 0.1889531   0.2617091
1.755	 0.1880585   0.2606471
1.756	 0.1871017   0.2595046
1.757	 0.1861522   0.2583698
1.758	 0.1851244   0.2571329
1.759	 0.1841052   0.2559051
1.76	 0.1830285   0.2546018
1.761	 0.1819612   0.2533086
1.762	 0.1808839   0.2519996
1.763	 0.1798160   0.2507013
1.764	 0.1788351   0.2495119
1.765	 0.1778621   0.2483309
1.766	 0.1769671   0.2472478
1.767	 0.1760786   0.2461722
1.768	 0.1753096   0.2452485
1.769	 0.1745455   0.2443301
1.77	 0.1739409   0.2436166
1.771	 0.1733395   0.2429059
1.772	 0.1729227   0.2424336
1.773	 0.1725073   0.2419628
1.774	 0.1722390   0.2416816
1.775	 0.1719713   0.2414010
1.776	 0.1718221   0.2412734
1.777	 0.1716731   0.2411460
1.778	 0.1716049   0.2411228
1.779	 0.1715367   0.2410996
1.78	 0.1715121   0.2411317
1.781	 0.1714875   0.2411638
1.782	 0.1714782   0.2412151
1.783	 0.1714689   0.2412665
1.784	 0.1714603   0.2413165
1.785	 0.1714514   0.2413671
1.786	 0.1714619   0.2414414
1.787	 0.1714725   0.2415152
1.788	 0.1715067   0.2416190
1.789	 0.1715409   0.2417230
1.79	 0.1716033   0.2418629
1.791	 0.1716660   0.2420025
1.792	 0.1717614   0.2421841
1.793	 0.1718569   0.2423658
1.794	 0.1719560   0.2425521
1.795	 0.1720552   0.2427381
1.796	 0.1721964   0.2429786
1.797	 0.1723379   0.2432190
1.798	 0.1725222   0.2435156
1.799	 0.1727069   0.2438122
1.8	 0.1729124   0.2441359
1.801	 0.1731182   0.2444607
1.802	 0.1733142   0.2447721
1.803	 0.1735105   0.2450845
1.804	 0.1736618   0.2453385
1.805	 0.1738136   0.2455924
1.806	 0.1738928   0.2457534
1.807	 0.1739722   0.2459141
1.808	 0.1739518   0.2459456
1.809	 0.1739313   0.2459771
1.81	 0.1738019   0.2458668
1.811	 0.1736725   0.2457566
1.812	 0.1734306   0.2455004
1.813	 0.1731893   0.2452443
1.814	 0.1728340   0.2448408
1.815	 0.1724799   0.2444379
1.816	 0.1720080   0.2438809
1.817	 0.1715378   0.2433263
1.818	 0.1709559   0.2426252
1.819	 0.1703769   0.2419270
1.82	 0.1697234   0.2411306
1.821	 0.1690734   0.2403386
1.822	 0.1683928   0.2395055
1.823	 0.1677165   0.2386762
1.824	 0.1670766   0.2378944
1.825	 0.1664404   0.2371160
1.826	 0.1658566   0.2364056
1.827	 0.1652759   0.2356985
1.828	 0.1647874   0.2351116
1.829	 0.1643010   0.2345269
1.83	 0.1639457   0.2341143
1.831	 0.1635915   0.2337028
1.832	 0.1634072   0.2335144
1.833	 0.1632230   0.2333267
1.834	 0.1632405   0.2334038
1.835	 0.1632579   0.2334815
1.836	 0.1635249   0.2338876
1.837	 0.1637924   0.2342951
1.838	 0.1643527   0.2350877
1.839	 0.1649160   0.2358840
1.84	 0.1658095   0.2371152
1.841	 0.1667107   0.2383546
1.842	 0.1677540   0.2397794
1.843	 0.1688075   0.2412159
1.844	 0.1695598   0.2422544
1.845	 0.1703173   0.2432990
1.846	 0.1703213   0.2433533
1.847	 0.1703253   0.2434076
1.848	 0.1691272   0.2418811
1.849	 0.1679414   0.2403689
1.85	 0.1651713   0.2367595
1.851	 0.1624696   0.2332269
1.852	 0.1579328   0.2272290
1.853	 0.1535855   0.2214447
1.854	 0.1473644   0.2130763
1.855	 0.1415194   0.2051355
1.856	 0.1339095   0.1946574
1.857	 0.1269100   0.1848847
1.858	 0.1188606   0.1734597
1.859	 0.1115781   0.1629406
1.86	 0.1044085   0.1523911
1.861	 0.0979438   0.1426974
1.862	 0.0922891   0.1340598
1.863	 0.0871487   0.1260641
1.864	 0.0829899   0.1194877
1.865	 0.0791550   0.1133258
1.866	 0.0757958   0.1078462
1.867	 0.0726774   0.1026820
1.868	 0.0695664   0.0974473
1.869	 0.0666884   0.0925260
1.87	 0.0635284   0.0870212
1.871	 0.0606414   0.0818953
1.872	 0.0573371   0.0758931
1.873	 0.0543798   0.0703915
1.874	 0.0510743   0.0640674
1.875	 0.0481883   0.0583781
1.876	 0.0452420   0.0523743
1.877	 0.0427181   0.0470490
1.878	 0.0403206   0.0417996
1.879	 0.0382919   0.0371843
1.88	 0.0364603   0.0328492
1.881	 0.0349201   0.0290548
1.882	 0.0335812   0.0256191
1.883	 0.0324567   0.0226138
1.884	 0.0315064   0.0199692
1.885	 0.0307056   0.0176498
1.886	 0.0300570   0.0156984
1.887	 0.0295043   0.0139726
1.888	 0.0290736   0.0125820
1.889	 0.0286996   0.0113357
1.89	 0.0284220   0.0103867
1.891	 0.0281750   0.0095202
1.892	 0.0280059   0.0089211
1.893	 0.0278506   0.0083611
1.894	 0.0277593   0.0080387
1.895	 0.0276723   0.0077292
1.896	 0.0276468   0.0076604
1.897	 0.0276215   0.0075922
1.898	 0.0275786   0.0074526
1.899	 0.0275365   0.0073157
1.9	 0.0273743   0.0066839
1.901	 0.0272301   0.0061084
1.902	 0.0270385   0.0053012
1.903	 0.0268792   0.0046036
1.904	 0.0267427   0.0039808
1.905	 0.0266293   0.0034445
1.906	 0.0265562   0.0030982
1.907	 0.0264920   0.0027876
1.908	 0.0264569   0.0026328
1.909	 0.0264238   0.0024868
1.91	 0.0264063   0.0024298
1.911	 0.0263891   0.0023741
1.912	 0.0263795   0.0023641
1.913	 0.0263700   0.0023541
1.914	 0.0263621   0.0023533
1.915	 0.0263540   0.0023526
1.916	 0.0263419   0.0023289
1.917	 0.0263301   0.0023055
1.918	 0.0263135   0.0022552
1.919	 0.0262972   0.0022061
1.92	 0.0262785   0.0021430
1.921	 0.0262603   0.0020818
1.922	 0.0262417   0.0020186
1.923	 0.0262235   0.0019573
1.924	 0.0262068   0.0019062
1.925	 0.0261905   0.0018564
1.926	 0.0261764   0.0018220
1.927	 0.0261625   0.0017883
1.928	 0.0261508   0.0017691
1.929	 0.0261393   0.0017501
1.93	 0.0261292   0.0017414
1.931	 0.0261191   0.0017327
1.932	 0.0261101   0.0017303
1.933	 0.0261011   0.0017280
1.934	 0.0260927   0.0017297
1.935	 0.0260844   0.0017314
1.936	 0.0260761   0.0017320
1.937	 0.0260677   0.0017327
1.938	 0.0260588   0.0017285
1.939	 0.0260500   0.0017244
1.94	 0.0260414   0.0017204
1.941	 0.0260326   0.0017164
1.942	 0.0260279   0.0017376
1.943	 0.0260232   0.0017591
1.944	 0.0260272   0.0018364
1.945	 0.0260320   0.0019172
1.946	 0.0260502   0.0020820
1.947	 0.0260717   0.0022614
1.948	 0.0260975   0.0024625
1.949	 0.0261275   0.0026819
1.95	 0.0261467   0.0028345
1.951	 0.0261678   0.0029960
1.952	 0.0261786   0.0030991
1.953	 0.0261904   0.0032059
1.954	 0.0261984   0.0032915
1.955	 0.0262068   0.0033795
1.956	 0.0262178   0.0034811
1.957	 0.0262298   0.0035859
1.958	 0.0262456   0.0037112
1.959	 0.0262626   0.0038409
1.96	 0.0262832   0.0039881
1.961	 0.0263052   0.0041410
1.962	 0.0263304   0.0043074
1.963	 0.0263573   0.0044808
1.964	 0.0263860   0.0046609
1.965	 0.0264168   0.0048485
1.966	 0.0264487   0.0050393
1.967	 0.0264827   0.0052379
1.968	 0.0265179   0.0054397
1.969	 0.0265555   0.0056496
1.97	 0.0265946   0.0058646
1.971	 0.0266363   0.0060880
1.972	 0.0266801   0.0063185
1.973	 0.0267267   0.0065582
1.974	 0.0267761   0.0068069
1.975	 0.0268285   0.0070654
1.976	 0.0268842   0.0073349
1.977	 0.0269433   0.0076150
1.978	 0.0270046   0.0079007
1.979	 0.0270695   0.0081975
1.98	 0.0271345   0.0084918
1.981	 0.0272033   0.0087970
1.982	 0.0272695   0.0090897
1.983	 0.0273391   0.0093926
1.984	 0.0274034   0.0096728
1.985	 0.0274709   0.0099616
1.986	 0.0275287   0.0102126
1.987	 0.0275886   0.0104701
1.988	 0.0276348   0.0106756
1.989	 0.0276825   0.0108854
1.99	 0.0277176   0.0110493
1.991	 0.0277537   0.0112157
1.992	 0.0277849   0.0113644
1.993	 0.0278168   0.0115153
1.994	 0.0278517   0.0116763
1.995	 0.0278875   0.0118396
1.996	 0.0279373   0.0120520
1.997	 0.0279886   0.0122684
1.998	 0.0280651   0.0125708
1.999	 0.0281445   0.0128810
2	 0.0282514   0.0132829
2.001	 0.0283635   0.0136979
2.002	 0.0284966   0.0141793
2.003	 0.0286368   0.0146784
2.004	 0.0287863   0.0152032
2.005	 0.0289437   0.0157477
2.006	 0.0291012   0.0162861
2.007	 0.0292664   0.0168439
2.008	 0.0294170   0.0173501
2.009	 0.0295742   0.0178723
2.01	 0.0297148   0.0183392
2.011	 0.0298607   0.0188189
2.012	 0.0300004   0.0192760
2.013	 0.0301449   0.0197448
2.014	 0.0302937   0.0202227
2.015	 0.0304477   0.0207129
2.016	 0.0306244   0.0212655
2.017	 0.0308078   0.0218338
2.018	 0.0310306   0.0225103
2.019	 0.0312634   0.0232091
2.02	 0.0315255   0.0239840
2.021	 0.0318003   0.0247865
2.022	 0.0320718   0.0255723
2.023	 0.0323558   0.0263847
2.024	 0.0325881   0.0270510
2.025	 0.0328289   0.0277353
2.026	 0.0330006   0.0282314
2.027	 0.0331769   0.0287369
2.028	 0.0332918   0.0290794
2.029	 0.0334089   0.0294262
2.03	 0.0334782   0.0296477
2.031	 0.0335485   0.0298708
2.032	 0.0335869   0.0300113
2.033	 0.0336257   0.0301525
2.034	 0.0336460   0.0302458
2.035	 0.0336665   0.0303394
2.036	 0.0336906   0.0304429
2.037	 0.0337148   0.0305469
2.038	 0.0337614   0.0307088
2.039	 0.0338084   0.0308717
2.04	 0.0338972   0.0311428
2.041	 0.0339871   0.0314163
2.042	 0.0341323   0.0318314
2.043	 0.0342804   0.0322524
2.044	 0.0344800   0.0328034
2.045	 0.0346847   0.0333645
2.046	 0.0349383   0.0340466
2.047	 0.0351997   0.0347437
2.048	 0.0355060   0.0355485
2.049	 0.0358226   0.0363735
2.05	 0.0361793   0.0372912
2.051	 0.0365491   0.0382339
2.052	 0.0369426   0.0392271
2.053	 0.0373510   0.0402483
2.054	 0.0377484   0.0412357
2.055	 0.0381599   0.0422495
2.056	 0.0385031   0.0430968
2.057	 0.0388563   0.0439625
2.058	 0.0390965   0.0445625
2.059	 0.0393414   0.0451715
2.06	 0.0394900   0.0455568
2.061	 0.0396403   0.0459458
2.062	 0.0397320   0.0462001
2.063	 0.0398245   0.0464560
2.064	 0.0399253   0.0467307
2.065	 0.0400268   0.0470073
2.066	 0.0401550   0.0473443
2.067	 0.0402848   0.0476838
2.068	 0.0404872   0.0481880
2.069	 0.0406927   0.0486980
2.07	 0.0410208   0.0494819
2.071	 0.0413565   0.0502798
2.072	 0.0418185   0.0513544
2.073	 0.0422947   0.0524545
2.074	 0.0428349   0.0536879
2.075	 0.0433936   0.0549534
2.076	 0.0439247   0.0561516
2.077	 0.0444729   0.0573786
2.078	 0.0449218   0.0583870
2.079	 0.0453824   0.0594148
2.08	 0.0457541   0.0602508
2.081	 0.0461336   0.0610998
2.082	 0.0464552   0.0618247
2.083	 0.0467825   0.0625592
2.084	 0.0470831   0.0632360
2.085	 0.0473883   0.0639211
2.086	 0.0477107   0.0646394
2.087	 0.0480383   0.0653669
2.088	 0.0484102   0.0661829
2.089	 0.0487888   0.0670105
2.09	 0.0492034   0.0679084
2.091	 0.0496260   0.0688200
2.092	 0.0500698   0.0697708
2.093	 0.0505226   0.0707366
2.094	 0.0509760   0.0716999
2.095	 0.0514384   0.0726781
2.096	 0.0518866   0.0736241
2.097	 0.0523434   0.0745840
2.098	 0.0527651   0.0754714
2.099	 0.0531942   0.0763706
2.1	 0.0535670   0.0771561
2.101	 0.0539453   0.0779509
2.102	 0.0542630   0.0786251
2.103	 0.0545847   0.0793060
2.104	 0.0548719   0.0799180
2.105	 0.0551624   0.0805354
2.106	 0.0554146   0.0810776
2.107	 0.0556695   0.0816238
2.108	 0.0558987   0.0821201
2.109	 0.0561301   0.0826196
2.11	 0.0563496   0.0830956
2.111	 0.0565709   0.0835749
2.112	 0.0567946   0.0840581
2.113	 0.0570203   0.0845445
2.114	 0.0572791   0.0850936
2.115	 0.0575402   0.0856470
2.116	 0.0578284   0.0862509
2.117	 0.0581196   0.0868600
2.118	 0.0584477   0.0875389
2.119	 0.0587798   0.0882237
2.12	 0.0591573   0.0889941
2.121	 0.0595398   0.0897719
2.122	 0.0599553   0.0906113
2.123	 0.0603767   0.0914594
2.124	 0.0607940   0.0922989
2.125	 0.0612169   0.0931472
2.126	 0.0616208   0.0939587
2.127	 0.0620298   0.0947785
2.128	 0.0623906   0.0955081
2.129	 0.0627558   0.0962439
2.13	 0.0630419   0.0968336
2.131	 0.0633308   0.0974271
2.132	 0.0635092   0.0978170
2.133	 0.0636887   0.0982087
2.134	 0.0637597   0.0984001
2.135	 0.0638308   0.0985921
2.136	 0.0638736   0.0987317
2.137	 0.0639166   0.0988715
2.138	 0.0640250   0.0991320
2.139	 0.0641340   0.0993929
2.14	 0.0643876   0.0999191
2.141	 0.0646432   0.1004485
2.142	 0.0650290   0.1012149
2.143	 0.0654191   0.1019883
2.144	 0.0658907   0.1029076
2.145	 0.0663686   0.1038369
2.146	 0.0668751   0.1048153
2.147	 0.0673886   0.1058046
2.148	 0.0678743   0.1067407
2.149	 0.0683663   0.1076866
2.15	 0.0687801   0.1084896
2.151	 0.0691983   0.1092999
2.152	 0.0695353   0.1099629
2.153	 0.0698752   0.1106306
2.154	 0.0701705   0.1112181
2.155	 0.0704680   0.1118093
2.156	 0.0707097   0.1123016
2.157	 0.0709532   0.1127961
2.158	 0.0711551   0.1132170
2.159	 0.0713579   0.1136400
2.16	 0.0715326   0.1140133
2.161	 0.0717079   0.1143883
2.162	 0.0718634   0.1147284
2.163	 0.0720195   0.1150697
2.164	 0.0721723   0.1154054
2.165	 0.0723256   0.1157423
2.166	 0.0724738   0.1160704
2.167	 0.0726226   0.1163996
2.168	 0.0727738   0.1167331
2.169	 0.0729257   0.1170678
2.17	 0.0730855   0.1174157
2.171	 0.0732458   0.1177652
2.172	 0.0734113   0.1181232
2.173	 0.0735777   0.1184823
2.174	 0.0737687   0.1188846
2.175	 0.0739607   0.1192884
2.176	 0.0741498   0.1196856
2.177	 0.0743397   0.1200846
2.178	 0.0745222   0.1204698
2.179	 0.0747056   0.1208562
2.18	 0.0748805   0.1212270
2.181	 0.0750564   0.1215988
2.182	 0.0752317   0.1219697
2.183	 0.0754079   0.1223418
2.184	 0.0756204   0.1227776
2.185	 0.0758342   0.1232149
2.186	 0.0760673   0.1236863
2.187	 0.0763018   0.1241595
2.188	 0.0765659   0.1246847
2.189	 0.0768317   0.1252124
2.19	 0.0771304   0.1257973
2.191	 0.0774311   0.1263856
2.192	 0.0777521   0.1270089
2.193	 0.0780753   0.1276361
2.194	 0.0783950   0.1282572
2.195	 0.0787170   0.1288818
2.196	 0.0790280   0.1294882
2.197	 0.0793413   0.1300975
2.198	 0.0796273   0.1306605
2.199	 0.0799153   0.1312259
2.2	 0.0801662   0.1317284
2.201	 0.0804186   0.1322331
2.202	 0.0806367   0.1326786
2.203	 0.0808558   0.1331259
2.204	 0.0810364   0.1335073
2.205	 0.0812177   0.1338900
2.206	 0.0813728   0.1342277
2.207	 0.0815285   0.1345664
2.208	 0.0816623   0.1348676
2.209	 0.0817965   0.1351699
2.21	 0.0819133   0.1354420
2.211	 0.0820305   0.1357148
2.212	 0.0821341   0.1359642
2.213	 0.0822379   0.1362142
2.214	 0.0823158   0.1364198
2.215	 0.0823940   0.1366255
2.216	 0.0824464   0.1367868
2.217	 0.0824986   0.1369488
2.218	 0.0825170   0.1370514
2.219	 0.0825352   0.1371545
2.22	 0.0825108   0.1371846
2.221	 0.0824866   0.1372144
2.222	 0.0824131   0.1371597
2.223	 0.0823397   0.1371050
2.224	 0.0821350   0.1368241
2.225	 0.0819310   0.1365439
2.226	 0.0816950   0.1362076
2.227	 0.0814598   0.1358727
2.228	 0.0812038   0.1355008
2.229	 0.0809490   0.1351301
2.23	 0.0806841   0.1347410
2.231	 0.0804206   0.1343534
2.232	 0.0801551   0.1339613
2.233	 0.0798909   0.1335707
2.234	 0.0794945   0.1329485
2.235	 0.0791009   0.1323303
2.236	 0.0786856   0.1316716
2.237	 0.0782734   0.1310173
2.238	 0.0778266   0.1302995
2.239	 0.0773835   0.1295869
2.24	 0.0768935   0.1287893
2.241	 0.0764084   0.1279974
2.242	 0.0758718   0.1271120
2.243	 0.0753409   0.1262340
2.244	 0.0746957   0.1251488
2.245	 0.0740591   0.1240746
2.246	 0.0734417   0.1230311
2.247	 0.0728323   0.1219982
2.248	 0.0722756   0.1210563
2.249	 0.0717255   0.1201232
2.25	 0.0712299   0.1192860
2.251	 0.0707396   0.1184558
2.252	 0.0702857   0.1176889
2.253	 0.0698363   0.1169280
2.254	 0.0693858   0.1161629
2.255	 0.0689397   0.1154038
2.256	 0.0684962   0.1146475
2.257	 0.0680572   0.1138969
2.258	 0.0676053   0.1131201
2.259	 0.0671581   0.1123497
2.26	 0.0666833   0.1115261
2.261	 0.0662139   0.1107098
2.262	 0.0657097   0.1098257
2.263	 0.0652114   0.1089502
2.264	 0.0646968   0.1080403
2.265	 0.0641885   0.1071397
2.266	 0.0636763   0.1062282
2.267	 0.0631706   0.1053260
2.268	 0.0626768   0.1044426
2.269	 0.0621891   0.1035683
2.27	 0.0617279   0.1027413
2.271	 0.0612722   0.1019223
2.272	 0.0608505   0.1011658
2.273	 0.0604336   0.1004157
2.274	 0.0601094   0.0998432
2.275	 0.0597879   0.0992746
2.276	 0.0594783   0.0987271
2.277	 0.0591713   0.0981833
2.278	 0.0588655   0.0976397
2.279	 0.0585624   0.0970995
2.28	 0.0582501   0.0965395
2.281	 0.0579405   0.0959835
2.282	 0.0576159   0.0953955
2.283	 0.0572944   0.0948117
2.284	 0.0569485   0.0941778
2.285	 0.0566060   0.0935489
2.286	 0.0562552   0.0929008
2.287	 0.0559080   0.0922580
2.288	 0.0555557   0.0916031
2.289	 0.0552072   0.0909536
2.29	 0.0548571   0.0902986
2.291	 0.0545106   0.0896491
2.292	 0.0541656   0.0890004
2.293	 0.0538241   0.0883574
2.294	 0.0535140   0.0877763
2.295	 0.0532068   0.0871997
2.296	 0.0529060   0.0866348
2.297	 0.0526081   0.0860742
2.298	 0.0523176   0.0855272
2.299	 0.0520296   0.0849845
2.3	 0.0517427   0.0844422
2.301	 0.0514586   0.0839037
2.302	 0.0511675   0.0833493
2.303	 0.0508792   0.0827989
2.304	 0.0506146   0.0822963
2.305	 0.0503523   0.0817972
2.306	 0.0500679   0.0812495
2.307	 0.0497862   0.0807060
2.308	 0.0494760   0.0800993
2.309	 0.0491691   0.0794980
2.31	 0.0488277   0.0788198
2.311	 0.0484905   0.0781484
2.312	 0.0481135   0.0773878
2.313	 0.0477418   0.0766358
2.314	 0.0473868   0.0759155
2.315	 0.0470367   0.0752029
2.316	 0.0466365   0.0743771
2.317	 0.0462426   0.0735617
2.318	 0.0457958   0.0726243
2.319	 0.0453571   0.0717006
2.32	 0.0448647   0.0706511
2.321	 0.0443826   0.0696191
2.322	 0.0438829   0.0685397
2.323	 0.0433942   0.0674792
2.324	 0.0429450   0.0665001
2.325	 0.0425051   0.0655369
2.326	 0.0421813   0.0648326
2.327	 0.0418623   0.0641368
2.328	 0.0416877   0.0637690
2.329	 0.0415144   0.0634036
2.33	 0.0414422   0.0632696
2.331	 0.0413702   0.0631359
2.332	 0.0413490   0.0631182
2.333	 0.0413278   0.0631006
2.334	 0.0412697   0.0629972
2.335	 0.0412120   0.0628938
2.336	 0.0411074   0.0626814
2.337	 0.0410033   0.0624699
2.338	 0.0408056   0.0620401
2.339	 0.0406100   0.0616135
2.34	 0.0402817   0.0608752
2.341	 0.0399590   0.0601469
2.342	 0.0395251   0.0591525
2.343	 0.0391015   0.0581764
2.344	 0.0386538   0.0571376
2.345	 0.0382174   0.0561195
2.346	 0.0377849   0.0551062
2.347	 0.0373634   0.0541130
2.348	 0.0369789   0.0532063
2.349	 0.0366035   0.0523163
2.35	 0.0362711   0.0515302
2.351	 0.0359459   0.0507570
2.352	 0.0356674   0.0500984
2.353	 0.0353940   0.0494492
2.354	 0.0351803   0.0489495
2.355	 0.0349695   0.0484556
2.356	 0.0348121   0.0480968
2.357	 0.0346564   0.0477407
2.358	 0.0345478   0.0475053
2.359	 0.0344399   0.0472711
2.36	 0.0343600   0.0471085
2.361	 0.0342805   0.0469466
2.362	 0.0342098   0.0468066
2.363	 0.0341393   0.0466671
2.364	 0.0340689   0.0465267
2.365	 0.0339987   0.0463869
2.366	 0.0339005   0.0461728
2.367	 0.0338030   0.0459596
2.368	 0.0336601   0.0456266
2.369	 0.0335185   0.0452963
2.37	 0.0333161   0.0448035
2.371	 0.0331166   0.0443166
2.372	 0.0328432   0.0436301
2.373	 0.0325757   0.0429552
2.374	 0.0322281   0.0420594
2.375	 0.0318906   0.0411837
2.376	 0.0315499   0.0402919
2.377	 0.0312195   0.0394210
2.378	 0.0309428   0.0386909
2.379	 0.0306732   0.0379754
2.38	 0.0304967   0.0375157
2.381	 0.0303232   0.0370620
2.382	 0.0302285   0.0368284
2.383	 0.0301346   0.0365963
2.384	 0.0300917   0.0365075
2.385	 0.0300489   0.0364188
2.386	 0.0300275   0.0363896
2.387	 0.0300060   0.0363604
2.388	 0.0299788   0.0363142
2.389	 0.0299516   0.0362680
2.39	 0.0298922   0.0361290
2.391	 0.0298333   0.0359905
2.392	 0.0297166   0.0356867
2.393	 0.0296015   0.0353856
2.394	 0.0294084   0.0348578
2.395	 0.0292192   0.0343386
2.396	 0.0289363   0.0335416
2.397	 0.0286625   0.0327644
2.398	 0.0283227   0.0317835
2.399	 0.0279970   0.0308338
